3216
5644
8842
105
9778
2361
2646
9560
1369
7543
5293
3870
1953
8628
272
172
1274
5944
2713
2802
2445
6048
555
3254
8692
4909
4626
3481
2526
253
3175
2782
229
7410
7410
1143
9487
5797
5962
7408
8228
3839
7829
8943
8288
8547
5311
547
8407
2261
737
4287
7217
3108
3366
8668
8400
7641
5739
5084
6981
3786
1987
1851
7864
9779
4103
1280
5121
47
6052
3250
3318
2167
9712
9507
191
9956
1131
6529
3382
6506
342
1218
2596
7575
3067
2898
2570
98
8059
7148
1510
2791
9509
1841
4314
5854
19
3451
9791
4550
5928
2129
6370
7131
3467
7378
1302
982
1167
2239
4281
2134
1214
2826
7549
2382
50
1762
1056
5097
6393
8635
3068
5539
3101
7914
3723
3994
7775
4963
1448
364
5904
3744
9940
6974
9433
5603
6423
2328
3152
7142
297
2275
1053
6583
4948
6654
