3451
159
9990
992
8082
2937
2030
9389
8751
1034
6712
8970
9328
5148
6386
4529
2960
5051
8249
2374
5587
9878
824
7345
4821
6683
9596
767
8921
3644
6970
1779
1833
7475
9934
5980
8016
6837
8670
797
5174
4831
692
6607
3850
4031
8054
6259
386
6931
9665
3361
3726
3166
6812
1456
7156
2411
7624
2050
3255
8500
5383
9337
4003
5927
6374
3432
8332
4701
5236
1931
6197
3248
9695
1704
1700
1975
1965
8969
7731
2006
1128
5887
1159
4591
9367
6219
663
6737
5027
862
8995
7722
7215
6540
7645
9341
9846
7313
4695
9937
7913
9153
5972
8603
5090
2341
5530
1278
9736
5159
3958
4901
5886
4997
2054
9259
6837
9786
2965
8729
1612
3507
8117
7703
8734
4393
903
4188
7529
3427
7442
5782
4457
3727
5531
1049
874
8506
1341
7149
9059
6446
8360
1545
5335
8496
4644
1542
2685
9416
2498
515
385
684
9412
3750
4887
8787
248
30
4387
4389
8500
7310
9396
3353
8774
2138
2944
198
3536
2834
7029
8219
4672
5864
6417
8177
4405
3337
6935
9260
747
7090
3076
1836
9783
1454
8877
1399
832
2452
6811
7096
810
5926
1743
6201
952
888
863
8016
2468
7242
5977
6798
7682
8967
1507
3534
9728
4814
134
640
6981
8635
8148
1994
8043
575
4244
3106
9356
8509
8762
2698
255
6378
5192
7445
9660
2346
2128
6258
4488
5075
1799
9091
2344
836
812
7989
92
7668
9805
4838
5487
5330
1324
1122
1218
1413
9447
9890
9430
4659
413
9067
80
6250
831
8293
8317
8653
8939
8515
4493
9451
4786
4756
5387
4516
7260
7610
6739
875
9400
8373
5313
4667
8596
5964
3340
3688
4942
1246
9430
7206
9294
5771
7817
7968
2343
7522
2154
2608
7461
5771
978
7037
2953
854
9427
2805
3891
2330
5846
8937
9759
789
2498
1268
1747
4389
6753
7916
2763
1092
2865
5239
3932
1540
4708
3302
3711
5513
6703
3732
9600
6991
3582
5667
7871
9011
9580
7442
3754
9670
4202
2643
3059
4937
4810
9195
6370
2236
5904
9286
8600
1176
1236
6071
9993
4242
7631
368
9424
782
8779
6834
7263
2225
3138
4478
2998
5076
2571
799
2296
961
7381
2310
9278
9755
8985
6768
2380
2661
3648
4036
6382
6986
9395
3178
8928
3348
3522
3129
7182
9013
9971
3074
9131
8196
4221
6531
4504
1276
8346
67
2256
60
411
3546
5141
5558
460
3880
7038
7982
44
8333
5357
6156
3409
6639
9113
4909
6299
3396
3101
4593
2624
3528
9922
6404
197
3941
4607
877
4185
3947
1056
4577
955
5494
5580
1813
5611
1806
465
4025
3653
9646
9669
9373
923
6075
9492
9022
6287
5332
9420
4643
8328
5251
2163
3713
775
5502
7400
5343
1311
1842
698
9588
4981
1587
7689
7428
6488
5523
3659
6970
5339
626
440
3790
4018
6091
5719
9800
2140
2454
4701
5555
8904
9847
455
5454
2049
6815
7179
3992
4002
5542
150
3863
4935
2800
7177
3534
8053
8524
9014
2696
4568
5482
353
8930
4571
4212
8801
7849
5266
7134
6538
2019
9889
4524
8240
1016
9054
2915
9281
6154
1203
3415
245
8584
419
3402
7327
8768
7917
129
3339
8627
8205
8856
727
5096
2123
1322
6244
5231
6750
2600
6764
8561
6525
5668
7070
1943
811
3398
3403
5831
638
7099
1068
8564
1359
9207
444
7054
8573
5302
3372
8077
1813
7204
1098
4279
4232
4608
5688
2941
6781
7441
9151
3577
2241
4900
8375
2532
7875
47
9441
8856
5418
688
1854
5969
3683
8328
1819
7889
2133
6966
3800
7097
3453
2668
1302
3566
9343
2996
1057
872
6570
2604
9617
5862
9643
7648
7730
2925
2387
6960
5817
2546
3157
2425
3376
6540
7494
4425
6175
9126
7570
814
7776
3820
9983
9460
6054
1047
2140
5090
1199
291
2779
903
8934
3646
4001
4201
1620
4707
620
3177
308
7867
7580
8886
2839
8312
7744
2461
6632
2256
446
2629
