2910
7799
409
42
9441
8103
876
8603
5149
339
462
2235
1934
3880
114
843
4219
1530
669
4434
9346
347
433
3980
1089
1173
9539
8578
911
1566
4310
6896
9827
72
1337
3680
935
4573
1477
1428
8990
3862
8569
3283
8741
9488
6304
5614
8211
4454
9393
7840
6541
6404
1932
2603
8599
5539
6719
1595
155
1745
4142
1027
8100
1097
8236
6038
9920
9289
496
5176
5438
8358
9154
4496
1697
3553
2728
5781
8781
9166
1886
4941
356
5739
2919
4728
7762
6170
9456
569
609
4923
6447
9532
9976
2821
1875
244
2589
9700
7225
5885
5606
8583
7243
3354
2047
7967
3240
9092
6290
3337
1841
6164
7559
5049
2885
7728
6883
7401
5975
9228
9612
2849
5118
5332
1227
6117
4807
7941
8973
5237
8926
8447
5572
455
5965
784
4199
7356
127
1849
5782
7578
8161
2350
693
9050
5996
4261
6955
7804
7583
715
6172
5109
750
389
6592
6929
1334
1214
9941
7516
7364
7593
4944
5330
9648
1214
5852
7409
3765
8020
8674
7826
1169
2931
1328
6934
3874
9504
6466
708
8025
3878
7336
3706
6540
1076
7715
4913
9984
7007
6701
3045
7839
1382
7924
6764
9413
5118
624
5712
4777
847
6948
242
1337
6598
5811
1325
882
892
8722
7213
5325
2079
7074
140
6702
6034
3586
4581
8478
4055
2802
8424
721
7183
6870
9782
1271
4066
3177
5077
8693
6960
9837
8599
504
4482
3519
9729
1904
353
1652
1711
6129
4484
7649
4991
7369
6536
3479
8941
1202
2301
8638
8059
5482
167
8365
2644
6717
8274
6845
9370
3105
2988
3016
4178
5595
5822
7612
8498
2632
9044
131
9899
2557
9869
3497
9994
8
9344
2393
5644
9176
4823
8446
4358
7228
4288
1777
1118
5831
6651
3763
1841
7328
4671
291
8158
4844
6141
8282
9275
2349
4590
789
9303
1544
2915
7607
2623
7321
2077
8989
5622
2528
2260
9813
440
5738
5774
328
5239
2866
9348
7490
