4308
7813
2346
7894
9811
5380
9769
8677
6875
5770
9757
3474
2264
6957
9103
7561
407
527
8561
2222
4801
7715
8091
3907
1746
3793
6229
2696
8197
4540
4765
3219
8458
2107
7390
580
8940
5344
4985
2352
6275
1403
861
5224
1698
1248
6353
1517
3814
1632
970
6455
2594
18
1515
1801
9781
6956
1480
5283
4754
2519
5416
8091
340
9516
2938
4638
59
6430
3579
9790
6865
7288
6778
8782
3556
3990
975
4197
6741
9033
1977
2504
9464
3022
3559
9937
2440
1844
2613
3759
223
3013
7043
335
6537
9300
7118
5865
2547
474
9968
9094
2889
749
2567
7893
6894
378
656
3186
6655
4696
9808
4396
9328
2898
106
317
8355
1838
7763
8089
7209
7226
5405
865
9668
5732
7722
1631
2647
6723
727
6662
1165
1613
937
7132
177
2154
5484
1507
4659
6365
5349
4522
7600
2275
1713
797
5390
5158
9770
2411
1422
3521
5244
156
1718
2755
6321
7579
854
3056
7754
5437
2534
9996
4478
1717
6807
1947
9246
8993
5076
8471
2509
6571
4834
7713
3039
9595
8354
8889
4660
1103
3453
8009
7838
5870
9868
1141
4875
6806
1812
9707
3951
5660
5821
6586
402
9824
3130
126
3225
6168
7528
5544
1078
973
2862
9673
4772
2288
9201
5517
2638
7342
3036
7649
1052
2983
4823
8152
4844
1559
6705
5482
1394
8121
4286
5428
7776
7401
8959
4140
2501
620
1513
8115
2090
2837
3441
4988
8043
1317
9737
1966
1571
4175
5818
5844
1882
6415
1646
9693
8802
7419
8150
6483
2005
9911
4581
9204
7262
5484
592
365
4748
5878
3489
1129
5682
2389
9394
1833
1361
7988
6824
1122
2972
8080
2626
531
1505
6152
3086
4975
4543
9994
7586
7325
732
2677
8206
7019
3350
9
6326
8454
1536
2794
6454
4852
1462
7915
8252
7195
30
6973
86
5878
491
5032
1233
4786
2831
4878
5407
3670
1699
4106
5172
4862
1217
3368
5460
4680
9096
4129
4480
8175
2127
3414
2021
8278
1363
1199
8401
6847
8074
3314
2113
5655
900
9064
630
9911
549
8096
6720
5572
845
5483
2177
4402
3973
7493
1902
7485
3357
3026
3906
8765
9773
7358
5005
5039
5006
5458
7715
7815
2662
1922
1170
5446
7577
3336
7789
1033
3677
6762
7812
2752
5116
4948
5872
8431
7055
4868
7300
5502
529
1228
7012
767
518
697
499
1810
7564
5791
4709
3350
1031
9584
6395
7341
6494
3697
6930
5203
608
2406
5476
4219
4313
5104
6923
7834
9238
7872
7091
1355
2782
2421
5276
385
4496
7328
3454
9222
122
2108
2175
400
9911
9458
5510
4567
4703
4750
1296
1986
6664
4762
8342
3076
1520
9532
9285
5614
5688
2196
6334
504
4798
1765
7268
6322
9727
2853
761
5267
2538
4578
3327
9578
7446
8081
5024
8014
1324
8414
7410
6561
4141
1895
5206
6180
2208
4471
2593
3113
6135
97
6164
4030
1004
708
9161
9130
8419
957
5829
1206
8804
1562
445
7636
7622
4868
2938
5275
1028
4995
1852
5314
4858
2827
5862
6299
5854
3015
7054
8734
5548
6148
2748
3919
5314
4301
7756
3053
5766
2280
5667
9978
4906
57
6013
2432
7187
4115
3951
2175
27
6743
521
3934
5207
2663
4428
6771
48
1799
841
9159
7312
5493
8743
844
3358
1011
5992
376
1246
5800
463
7109
9191
8632
6366
405
5076
9498
7164
6805
4557
3920
404
8013
3703
220
5182
8662
7105
188
9987
3075
8895
4595
7245
4449
7225
5036
970
8268
2420
2704
5665
4120
5221
2872
7830
6542
4338
1082
6284
6057
1867
3366
3844
6133
1029
8153
885
423
3177
1968
773
7388
28
4491
8250
6130
2696
1122
4468
8129
1232
2772
6558
4433
7139
3311
5366
6849
6553
4814
2331
4655
3703
9559
5307
5472
2589
5582
3619
51
9863
9534
4625
5948
3376
6543
7605
4322
8979
1874
5958
7434
2808
3247
5348
1782
7529
5878
3713
3325
8764
4533
8846
6688
2296
8184
650
9891
3553
3220
8111
9744
8322
581
5505
769
7712
688
8466
2280
949
7571
8123
4080
6750
215
742
1120
7777
4831
1029
1431
2892
6465
9587
9647
8849
2195
8889
536
6409
996
7563
3061
5882
7293
9802
5748
3591
6194
5249
8360
3882
8482
4878
3234
944
2484
25
2027
934
8201
5034
56
7670
6230
8745
952
4520
379
6465
8928
1012
8189
1989
4580
5157
8031
8727
2890
1525
4910
92
8807
692
9680
1883
6674
7850
7958
3641
4619
7075
5729
1652
3996
3057
8343
3639
6992
3912
8422
4014
2563
7128
6047
9035
2057
5648
1525
3206
1023
2653
7016
1802
3035
1667
8355
9565
4638
3304
2513
2274
7954
1160
9305
6156
8920
7168
8215
9931
4652
1059
2474
5631
3008
9490
2921
7318
1081
7866
3561
1268
7023
1921
9276
7316
1411
6706
3632
8633
168
7820
1378
6430
943
3400
5909
6809
8840
5695
6652
9321
5351
7907
5211
643
6494
5340
1886
2251
2237
9936
6173
7944
9531
3750
5795
5653
5537
53
8879
8095
5957
384
3009
8512
5759
2111
3049
1006
6083
3834
6865
9761
1572
5308
4400
7870
7011
4482
872
4375
760
6708
9329
7654
5178
214
1261
4371
1037
7538
6529
5777
3694
4755
5467
7405
3740
9084
6702
3916
3762
705
3963
8154
5897
6503
3966
2399
1909
1832
5291
186
8695
1374
5123
9104
7303
1711
6705
8521
2835
6307
5390
1340
5911
8264
5294
5554
3802
7437
1752
9628
748
6276
6961
5561
2541
3106
7554
4845
9987
2460
3159
5472
9556
9573
4465
2675
7175
138
7753
2102
2942
7066
459
1800
326
3113
8891
8542
3346
1984
4932
4789
9138
792
3280
4909
1380
3593
4593
3125
2093
9147
2731
1136
5482
6007
6268
317
7711
4565
5371
2016
737
8808
5240
9541
6691
171
6394
7174
1665
2093
258
4751
4225
6693
5748
1189
4494
4289
8863
6722
4220
2430
2621
1528
6899
3551
9141
7943
9700
9408
9124
4523
5752
6060
6554
2834
6136
5278
8053
2056
5854
7046
6975
2211
6973
3039
2104
4169
5188
2852
9557
3452
3099
3150
4430
5278
4673
4861
5572
319
523
5105
2924
4198
2955
8609
1858
8860
3018
8040
3105
673
9218
3904
9994
8352
8985
2437
6997
3595
9535
4261
4848
8735
4296
7501
7878
8622
4771
6490
8627
8459
5371
1286
3285
5384
531
3747
9056
9217
9262
3129
1155
6971
2176
7865
2827
6491
9973
461
6491
6895
406
9302
7950
7358
2807
4581
8425
1236
5421
5499
1130
9515
971
2451
72
6148
168
1000
8814
7950
1210
4080
6053
3436
5676
5128
3035
8215
7730
7578
5067
9387
4001
5553
5686
7746
6157
6440
7401
4561
6767
8563
7358
9172
1799
6140
9754
4733
9838
9369
9376
2057
8965
9594
2265
5674
7100
8250
159
2029
599
3572
5120
6982
8885
872
9549
8729
9991
629
4632
2641
3029
3590
7230
6539
8810
3611
1157
8520
9083
7067
3878
4514
8240
2332
3758
9495
8671
4015
6166
4495
2449
4467
8969
1390
7521
9383
9270
8810
6171
5244
3567
5442
7161
3826
2994
1543
650
3009
3714
5476
6793
3752
160
9792
4698
218
5371
486
8361
3785
8384
3877
137
1949
3352
7827
301
9962
8879
7928
3376
6485
8907
4695
8007
4469
8419
4819
7384
5044
8220
8113
1497
5262
3086
1870
803
234
6697
6097
3303
6373
4945
6281
3485
5294
6430
5214
2082
7224
5274
1734
192
8694
6728
2213
9963
1782
483
107
6710
1162
80
9941
4138
860
9351
4758
5162
4723
8453
218
5695
3393
2721
4302
7752
5789
7292
8889
1216
5007
9280
8350
709
6911
7111
733
5133
4699
3563
9140
2685
4223
5064
4426
3362
2958
4802
5510
4375
184
1365
260
1212
7129
7765
8160
8598
3656
7951
5809
1089
2361
9217
7642
2619
1920
9267
7236
7988
8944
6125
9038
6943
1668
7557
6441
3298
9365
4248
9746
7375
8572
7538
6735
9909
895
8252
9348
9561
7477
7853
2253
4145
2035
6964
2988
7810
7798
9168
8785
2523
3635
9910
2202
2417
1199
1313
6225
3844
8015
3778
9665
2278
1100
4338
5337
9635
1893
9917
6774
2024
6115
873
4033
8429
1459
6521
5540
5463
1966
9667
850
1915
400
1630
8706
9559
8949
2705
5836
3448
4208
5573
4567
5727
4531
767
1521
1938
6578
3992
5401
7686
3144
4820
9191
6613
6235
5078
997
7645
7734
3131
8140
683
4985
7151
1189
5061
159
6479
8105
4390
342
5221
3867
4740
9986
6337
7583
472
8518
7651
7390
3537
3764
3438
3213
7534
6120
6576
8870
7409
9351
6567
7933
9347
1370
8187
2247
3073
2349
4002
8095
570
8156
1530
2614
1051
4232
2454
2240
1909
8753
6944
5746
9323
4233
908
6726
223
3515
7772
4253
9384
9558
9245
5906
1582
8374
1487
4326
8931
993
4020
7052
7786
3460
8849
9511
7960
3491
6288
2711
9344
8663
2240
457
7518
3787
8852
5707
441
4449
6803
2084
2876
9630
2830
4465
3881
8771
523
2116
5368
7694
5905
8861
6520
3374
1871
7426
9677
9732
7153
9297
8205
5320
6165
7137
5799
9061
5831
4191
9713
2067
4254
3919
7461
1931
4006
3575
7708
903
9684
7443
1243
855
5408
9002
7221
6063
2960
6419
3169
9474
5384
2459
4660
9357
4042
8170
2011
1021
9349
9468
6857
2616
6717
7196
1081
4959
9604
4089
4161
2784
963
6660
2757
8856
2913
6008
8088
2977
1955
9248
2502
5082
3715
2402
6527
5327
6830
6351
1640
4380
356
9797
2023
3930
2859
7004
641
894
4227
3583
1130
8717
3145
540
7176
5724
4186
5411
5352
3582
8492
9400
5692
8566
1153
1151
6679
4563
6564
1032
7786
9523
250
4604
3221
6417
1986
350
5103
5653
381
4677
2950
8407
3499
6672
9048
9313
3630
6209
6061
2601
6812
1595
4047
7882
9357
7133
8956
539
4293
6759
3630
6938
375
7191
5357
6548
5107
2929
1082
1432
1097
5875
2565
8565
1964
4347
8930
1970
34
9811
3363
9747
3083
4815
4013
5731
1514
2259
6569
6734
521
4420
7407
4128
4028
9941
1765
2840
8498
8384
943
1757
5064
4888
6185
7026
7845
1958
4604
3714
4827
1498
4287
1962
5206
7813
1522
852
3718
1499
3013
6992
8147
4883
9874
5046
958
2021
8241
4341
9768
86
3395
9035
4249
4468
439
9358
8993
6887
4796
7911
2829
4375
29
8150
5138
7138
8835
1830
8843
4966
5472
8383
7902
5142
4286
2013
4371
9589
9578
1621
6421
5388
6587
4599
4028
734
2042
7974
3505
7899
5405
9441
5504
5828
8734
6416
3698
7645
3889
3386
2925
2497
728
6564
6290
6959
8862
140
425
8498
8593
256
6922
2403
3706
1262
5815
4008
9945
3741
3904
37
8213
5381
6711
6479
779
3804
7888
5519
2143
5183
4034
730
3568
3642
6029
8004
1755
4257
242
9500
7667
6814
4264
9268
1069
8359
2183
2141
0
95
3834
2011
2114
8171
955
1639
6556
8529
705
3789
923
3120
3656
2684
7695
8532
8988
5501
8528
8336
4401
5956
2777
7341
2026
5908
8722
9303
4495
6341
2113
9647
7249
6094
6830
1291
4141
5265
6757
4714
3454
346
6267
3133
564
9842
9134
9822
1626
2369
2120
7411
9945
4034
24
8350
2944
8309
3534
1627
3033
9510
9904
3302
101
512
9136
7436
6825
6416
5155
9629
566
8463
2273
7493
7200
6731
2140
1134
2933
5864
5319
2004
9881
5419
4673
301
9971
5285
4793
9541
9618
7067
2866
1863
4528
4336
1574
9189
9967
8204
3887
3428
6910
9808
2944
3605
8551
7996
7608
8982
4872
8722
5730
5051
5183
2517
2681
3596
9844
7740
2301
8971
2744
283
1023
146
5547
4879
3682
2192
3181
9254
1241
1380
7606
9968
6531
5308
3522
7989
3981
3137
5311
2804
3249
1321
9293
6160
4734
7060
9148
444
6971
5116
5201
2109
2087
3592
243
7583
5707
825
5486
7656
1933
8609
344
6459
2383
6672
8821
2843
654
9486
3471
5233
33
9346
5125
5809
2779
8926
2879
6292
3922
2492
4203
5504
1117
7375
9456
8415
4832
6375
8565
7422
9897
7333
193
9249
287
8297
5325
5054
3890
5394
7859
7042
2969
5839
4562
2264
9054
327
5510
3079
8075
7485
4015
4271
2678
8017
1971
8760
3891
7713
2506
7437
3562
6594
6921
3776
2322
6115
6968
560
5221
7567
6712
4316
8645
2621
465
2864
7626
1276
4555
2762
2248
3395
1081
6380
5497
7496
1209
2810
2595
4466
4064
2920
3640
4499
4805
6459
7195
2683
2110
8323
2359
2409
933
1829
824
6045
1169
9193
8423
9157
6634
3232
7754
7988
1648
9805
9624
9860
4417
7461
1249
2692
7406
9375
3407
2954
4947
2726
7096
987
7418
2408
2605
8890
9533
9195
410
8917
7488
7289
3765
9708
6036
2578
7492
3544
1896
846
6089
337
4353
4702
6975
3055
7368
9048
1486
4904
90
7520
7035
740
4242
6563
8757
3899
7567
9503
7922
4924
2215
345
7398
512
5784
5856
1549
9407
563
4968
9058
6948
3481
6511
2430
1493
5204
9880
7131
4062
1929
8327
6697
7177
7490
1299
7516
113
6579
465
8461
5554
2128
3915
6030
6976
1201
4358
5289
7030
4075
124
495
4615
658
2243
7031
2400
6836
6964
8010
7154
930
686
4777
2358
7010
3470
398
6356
7535
8055
9187
9522
2485
3619
3359
825
5972
7376
9954
7530
4167
2589
7319
1775
322
8527
670
4295
3613
6500
487
8650
8640
6211
5837
8967
1460
8354
7137
455
6269
2655
9283
4693
4034
5350
6612
1084
711
6474
5757
1730
8018
5289
1059
9490
4184
1656
9941
7995
5555
2249
2407
8000
2503
3106
9641
6607
4691
4232
1599
4610
1416
7693
2430
2507
2509
7976
5574
7565
4023
2252
7480
2714
868
8630
17
3061
5416
2482
6854
7292
7110
4488
8379
9375
3178
9185
3009
602
4620
9469
186
3249
4858
790
1777
4902
633
8547
4123
6852
6070
3615
2567
871
1157
3831
3923
6135
5341
3805
62
2125
5404
1467
7559
3897
4347
7386
4160
3294
4611
2093
2746
3392
4656
7399
7409
3736
2623
2
4262
793
4635
9542
1719
1447
8140
8749
1095
7320
2623
268
8579
4254
994
3362
3932
4380
5034
3793
9554
7845
7347
1875
5981
7513
497
6953
6322
2714
1189
1368
2654
7477
3686
3350
1995
4592
2023
6215
8096
9294
4953
750
7998
5435
1118
8731
9095
2566
4418
8151
3244
4531
1210
4912
9355
8898
1629
1499
4889
1810
7036
471
9653
4730
4443
9465
2403
7910
6585
4860
1893
418
3246
3256
9216
8091
5450
3468
7545
8858
9148
6883
8716
9546
9159
702
3501
9508
7300
6849
3837
4191
867
9140
841
6095
8938
2688
1995
1507
4306
2447
4514
8846
8320
2314
9654
8489
4348
2261
4454
4560
3158
8610
3241
6295
102
1730
1133
345
9699
6218
5708
5643
7887
909
1056
9319
6082
9963
468
5540
3995
1700
207
9137
95
8862
6974
2413
9611
2543
5959
6613
9978
2165
4713
9199
2781
5542
449
4303
9399
6367
4842
6490
4800
1224
928
7344
232
4643
1253
267
916
8634
5100
1367
9278
2645
5306
3335
7725
951
1944
4826
7553
7114
1002
9990
2139
9330
1043
1541
3287
6247
9837
6022
9313
150
5914
1785
2248
3260
7117
8594
9416
3386
9356
2738
1551
7105
3962
3093
5621
2278
1321
1621
5556
6773
1793
6510
8206
7009
2313
7335
5014
8141
8526
9418
2142
7573
7827
8926
3067
4794
8254
1123
8050
3545
1832
1694
4265
6776
8661
5063
8922
929
9813
4263
5201
3724
2938
4012
7471
8798
4366
2445
7927
1306
5444
7169
1507
907
8872
8199
9761
2433
2883
3707
7209
9982
7240
4525
5625
7174
5249
9833
2698
4878
240
9598
1557
7833
3298
8955
6760
3303
1431
5973
513
8116
1801
7003
139
5298
8180
3172
4101
7850
343
7489
9249
5179
5800
4485
6383
7192
5919
3375
4716
2120
5302
1290
8367
6769
4090
5307
9614
2090
7763
727
4335
2704
7954
8305
4781
6330
838
5039
3627
7965
6690
1460
1114
4061
5405
3402
4024
3990
7931
7722
1195
9628
2857
9556
5356
9019
731
3343
5162
6774
6052
1080
4473
2105
8374
9049
8189
5229
9425
8602
5206
4214
2790
7502
9466
7323
6273
5785
9459
388
4835
4139
5053
4808
3713
3405
8052
9410
7185
940
9504
8591
8335
3334
2465
9901
9117
5212
3634
6569
8045
757
1103
4314
4917
7939
8310
7264
8107
5441
6211
4762
189
8800
6664
9453
1902
5370
93
7120
2810
7382
9585
482
9399
8577
1744
2358
7799
2704
1903
8476
8857
1486
7537
6538
7848
5587
9124
6115
9756
4584
2108
3433
3782
957
7106
6199
7470
8749
8051
6203
1702
9652
9569
1675
2692
8050
5578
7074
6063
1792
805
5334
1114
7336
5755
6473
459
6300
3481
6867
1370
5444
3469
5561
354
3621
3917
7480
1758
7338
8737
8600
4540
1237
9723
4761
8731
1003
7510
4118
4550
4021
7168
2992
2689
7411
5590
6295
3819
4019
8180
6607
9060
4383
1796
535
816
6728
9343
6984
5183
7670
9020
9662
2933
3423
7786
5276
6009
5061
4299
9676
372
1638
1345
6465
4115
1855
1526
6531
1790
8326
2874
2341
2054
8502
2962
7871
5971
2817
1091
3605
7525
3746
8144
6162
6267
9096
2851
3782
4405
9080
1355
2189
7077
9517
4212
141
5115
2840
1267
334
4116
4486
190
9329
2357
4755
8902
9599
2734
5204
5583
7902
707
4280
2535
6819
1048
9039
1741
443
1090
8514
682
1001
7129
9586
6673
485
3634
8051
6794
241
2026
5999
8365
1914
6911
1561
1800
5159
2856
8656
3707
1050
4081
2427
3124
5310
2748
731
7887
2111
8940
3272
1320
7497
6870
7742
1661
1250
7374
6675
7938
7447
6324
9649
6367
6850
2248
2910
781
8792
4140
2562
9067
6299
2209
8024
5155
5790
153
9648
2700
1903
7435
8083
2275
8746
3995
3285
8641
1171
7829
7884
8437
3574
7988
3052
1523
9136
1654
4981
1099
9435
4165
6609
8736
2927
5146
2326
502
910
2206
3060
9455
1280
6079
5353
7970
3648
7522
836
608
4181
6812
1823
4505
4931
1264
4706
9647
340
4823
5251
5826
3108
6506
8958
6510
2695
1226
5240
2485
2333
7356
6328
9663
4628
297
530
6177
1571
261
4759
3596
2109
5496
3095
5893
9290
9263
6539
7667
9437
16
4104
44
7813
9453
6912
8658
8802
2342
5063
3180
3755
5399
1709
1948
6341
9851
9963
8457
3498
3789
6092
8673
9889
5943
6751
9459
5148
2055
8958
8750
6133
8722
8945
7531
924
7234
95
2174
7343
1731
720
3239
6417
1829
9648
3430
394
9745
1267
3103
5665
5916
1964
6445
3263
5135
6772
5226
3496
7267
8396
9933
6696
2813
811
9953
9078
3735
6124
5528
1259
4258
6494
4199
7128
4680
2579
3592
2433
3633
6177
578
5709
659
7523
4061
8985
1512
7057
4951
2088
3176
7364
2243
2290
4203
3480
8552
570
8721
8783
1922
6795
9195
9272
3302
8778
3871
1227
665
4344
9730
5918
1450
1306
709
357
4712
7532
4004
4910
3186
2207
4307
6999
3333
9799
7006
5087
8338
243
6554
8695
5037
2456
5509
8273
804
3359
3057
3403
503
1344
9215
9061
6840
1317
2406
7419
9632
8301
3561
7026
846
7935
9529
2111
2602
5161
2197
2228
4773
6885
7417
6501
7288
461
9646
7288
9792
7483
3968
5303
7956
1551
7146
1885
1353
9426
3208
4453
2605
7318
7190
7977
1272
7915
2648
8733
8824
9199
4765
6582
2968
3116
1036
8527
573
696
5806
9417
8501
396
3260
5309
755
8073
5860
1239
8524
289
1660
7914
6960
7446
4485
1198
8792
9625
5503
4171
275
5949
3377
4010
9365
7784
2895
4962
9530
7173
8736
4301
5124
4497
1858
287
5880
3580
889
9905
8753
8170
9866
9394
5079
1084
6665
2473
9794
6143
3566
9551
7361
3488
2530
6177
5931
858
2960
533
7285
6982
9008
7864
5129
8359
6801
4387
8442
7392
9366
4456
9746
8089
8463
2545
394
5377
8101
5923
6279
5413
4033
4868
7743
7269
7217
4655
6848
818
6903
7675
3705
1747
802
4547
1071
2240
5592
336
3061
5051
927
5619
9456
9462
4084
2504
1893
9918
354
2493
1937
2015
6421
6536
3967
5948
75
7542
7699
4550
9816
2206
6147
1584
2193
2043
4912
6108
3036
3247
7738
409
1130
1137
1519
2242
9337
7815
1122
6956
8705
933
702
1431
5666
7436
3587
9715
1055
8567
7158
9738
2436
1502
2718
1549
7928
8534
2827
153
596
6907
237
202
7354
1129
3198
5565
5269
4856
1681
4097
1192
1292
7823
6813
7713
9464
1794
1122
9569
8703
1184
9754
9867
5173
8017
600
4716
2428
2528
7805
8230
2583
6959
1132
7213
5951
5817
8891
6343
4759
1234
9513
140
897
3425
8252
7619
8584
6544
8418
9157
281
9705
1056
2795
8231
1396
3050
9007
4597
3069
1256
8738
320
4321
9449
9459
6561
7705
5645
7902
2836
6005
9645
6193
2845
8573
4543
145
2370
6183
1372
4639
3599
5811
3074
1214
6768
7703
2521
7275
3107
7169
9474
4615
2737
2631
3029
7396
7375
9634
9363
6145
502
7784
9410
4852
6986
3840
7454
2850
60
9575
9611
1777
6033
7439
609
647
6128
542
8397
8804
464
6021
8718
7385
1328
2464
5953
4784
1632
2757
2333
595
9700
3426
4902
5504
3410
369
8495
1689
5104
8728
3444
9432
3651
1569
8720
860
1584
8022
4787
969
3340
6607
5564
9457
5259
3544
5590
4249
9254
9051
6735
9072
9824
6853
8603
2959
8435
3435
8183
9109
211
3924
7194
4222
5318
907
121
7091
1507
1005
1970
7020
4819
1514
2413
8466
2670
6116
2177
8190
7208
4253
8287
5161
7142
3560
7082
1477
3092
8517
7810
4644
4899
1340
5029
7680
9317
3081
5070
3766
3043
3865
357
6365
9125
1250
5514
4119
4471
4824
895
2189
2366
3299
2387
8182
6721
7611
1205
1309
4109
9852
3712
8010
5545
3181
9290
5913
2453
2324
3765
720
287
7735
6944
7353
8864
9053
5483
7540
641
5090
6453
917
6868
8266
2755
5666
6852
1145
8837
7724
7403
1510
4035
4702
7931
305
1325
1759
1664
3667
1233
1920
4954
6260
4267
2557
4758
8211
315
3117
9028
1988
168
6545
5982
8813
2575
8321
5971
6377
47
2546
4060
950
8005
4089
2295
7349
4813
9447
8138
9627
4725
6682
9558
3851
1856
6559
7881
1873
906
2850
6649
1623
9543
9650
8467
5116
8138
7503
2084
101
4816
8184
8826
5090
7693
10
881
354
1601
1754
3920
9399
3609
3395
3080
6433
194
6230
4396
5366
9068
3191
3484
5008
347
2621
9431
3307
4986
5189
4691
688
3241
4168
1092
8869
2283
3868
7983
6898
29
9662
1025
543
1761
5742
9144
4701
7166
3517
2793
1007
8051
4394
8780
4440
1200
5574
5697
3421
6552
6445
9212
7593
8236
6181
8379
6312
4840
229
2500
8718
5761
4520
3046
3173
2458
1417
6694
9870
7018
723
3622
5419
5553
2360
9849
2377
644
4755
3660
9826
5305
4401
3905
3354
744
7593
2326
4094
1580
4916
2980
6837
5117
2698
9271
6649
5770
3349
3163
1926
1814
8292
1731
9346
9246
2982
3363
2816
6732
3448
9652
4170
6390
7714
9296
8094
7435
3492
7174
7604
3632
5603
5170
9193
901
2746
1290
8764
8454
3422
149
381
5386
5092
1003
9964
4787
8990
9157
5169
9104
5385
2799
814
3774
548
100
6526
918
7221
756
9511
1312
4914
2067
767
733
5056
2108
7436
6345
8693
1589
7520
9792
1195
1592
5702
6339
9300
6527
640
3567
655
388
4778
8885
5039
9646
7449
2441
9407
7981
829
884
6015
6464
6206
7878
4016
7756
4894
9252
118
4434
4160
4271
3168
9657
3548
9588
854
3026
1101
9174
4109
5722
2175
1757
6265
6797
5756
7096
9497
6820
4478
3834
714
6002
4952
4574
2669
1403
4370
8345
3769
1819
7896
6698
1847
9603
8871
7259
2972
5767
472
7808
6274
8487
3154
4672
9721
5381
6932
1529
9789
6793
1352
8634
52
715
8871
7866
9872
9964
9288
6053
4555
8741
3854
7539
2627
8812
7731
7137
4193
5218
8595
6260
6752
7609
7336
8302
1286
6107
4059
4140
1970
9955
8882
5008
7405
3081
2377
7935
9955
3219
4954
8452
2443
230
7945
6305
8241
4884
1695
2580
1624
1506
7613
805
137
6618
1757
352
9696
994
7316
7791
6141
4384
2099
704
4070
571
5058
