9720
7727
8076
3590
1605
829
6431
2500
9778
8571
7417
8988
7248
5909
9272
243
7158
9808
1789
4075
2690
8373
1570
6594
84
9626
5296
9107
4527
5434
1834
1406
1186
479
3499
1344
2648
9668
7851
7362
9645
9925
4040
1446
4111
3910
1905
4908
2311
3911
7765
8317
1088
3843
8177
9942
2117
6149
1807
4140
7447
8189
9990
2265
4605
9708
8561
3875
1052
8867
7123
5305
5885
9465
6999
5962
1339
6011
5870
128
7850
6533
5276
3505
4248
5224
7051
9226
8963
8315
6067
7682
9070
6961
9663
8110
1437
304
8584
7639
4295
408
368
5204
8139
8270
3708
3634
2018
6756
1519
3048
5017
1961
1204
2686
2976
9242
2908
6325
7391
3959
434
8473
6792
9844
4944
4713
917
9808
8543
9764
4493
5013
3449
1073
550
8068
2536
4121
2866
5325
8762
7976
3315
1415
4218
6126
2737
6430
4367
8087
3228
2410
9419
1921
5726
1195
2707
6402
9163
103
5463
4276
6563
5401
8419
4855
9001
6059
3327
4979
526
1907
1647
2300
5878
988
3420
3787
8075
631
6658
5367
4847
5564
6451
5699
1249
4257
3441
8219
785
1604
3309
812
8909
2038
2484
1700
850
2223
415
3517
374
6582
5434
4886
7324
2090
9485
290
9542
996
6825
4557
9152
1439
3150
7834
4056
6288
4576
585
3003
9949
377
5846
6588
1388
9453
7749
7168
9136
8145
1136
7809
691
6183
6992
4123
4382
8306
2390
3119
6489
1431
1620
63
248
1089
7312
7703
6185
6319
6449
2250
5184
9190
6408
6985
6665
3694
420
7474
4285
8887
174
2057
720
2828
5678
7454
1219
7133
8948
2141
2889
6764
8623
9506
2959
6065
7165
8659
4614
9980
953
3292
3457
8889
6305
7989
1087
6591
1189
6971
4885
3556
3260
2469
4672
1763
9707
8569
7587
3219
3397
1719
2290
1541
2772
897
2359
4866
72
8855
6636
8802
3588
833
1203
123
4841
8665
3625
5498
873
6284
5189
4629
5147
7317
946
3914
7961
6652
546
4961
8719
5665
5105
2116
7942
5128
6620
4537
6454
732
6832
1293
2852
3629
1838
2448
8041
2430
7258
5192
7415
3695
6305
1661
7071
5098
9715
4328
343
9184
2166
5543
4908
5918
4565
179
8712
9056
5365
4149
5068
4790
6934
7055
3408
1096
4947
4213
2365
2723
9723
1830
6165
9880
8509
9306
3586
8327
6798
4245
1191
4798
4965
9080
8949
4463
3726
2970
6900
6484
8229
9065
6105
9637
5948
5116
5742
2429
7971
4955
936
1183
6768
9407
2664
5143
6062
7830
1916
9840
45
5686
5181
8649
9856
9255
7281
7760
4966
5974
592
1653
5925
7711
6782
4536
2782
4756
8323
8205
399
294
2255
8320
7902
8704
7928
9158
4521
6134
3797
1594
8207
8525
5738
265
6578
469
774
3663
1988
8134
5680
5227
3810
840
9442
4458
1375
8840
2260
4499
457
9321
1427
6690
4649
8749
6231
3198
557
7265
9828
5958
2316
75
5943
3920
6640
1480
2196
848
4326
9552
9890
2775
7945
3302
2147
7626
8322
9648
8458
9492
4297
4495
3875
6569
1300
771
5387
4878
4265
6442
6309
9522
9560
7167
1942
1483
8759
1545
6183
734
4340
1697
9319
5763
3666
8309
1776
5567
3001
7206
7282
2587
7687
4032
1569
4126
8163
4654
9535
5387
3986
1564
4594
9388
9665
726
8855
7791
6802
9062
1715
1908
6724
106
7469
5038
6643
4205
9617
5662
200
112
707
6016
199
6800
1738
2097
7318
7891
4420
9225
3610
6236
2931
1974
3764
2858
9181
8501
220
2717
7080
7050
507
9592
6776
6814
6446
3733
9466
6188
5245
8871
6986
8954
1902
9711
8099
2960
865
7041
5179
6440
2404
5281
812
4310
5782
6423
3712
457
6994
5120
7350
2354
3549
1950
2646
1158
2611
5802
8221
3876
1626
1722
7798
4130
2546
7611
4569
4606
1680
1684
6622
7366
7314
2760
5816
7837
6307
7122
4934
4550
9068
8954
4347
9453
9553
6159
9988
2977
3201
9754
8980
3954
1125
2968
7914
6935
3257
5678
1495
8518
6664
876
6014
9856
7788
2489
2957
4705
8969
8070
2939
1077
295
5613
9118
9845
7558
1089
2248
5506
5877
2134
6634
2696
6441
3809
7353
7038
722
4310
4367
439
2496
2102
8363
9021
3086
1058
6527
6577
9318
6881
3836
7605
6871
6347
6904
1813
3945
705
2940
6291
1453
5955
5962
2474
6319
5668
6037
2496
3882
6519
5044
3548
3886
2735
4199
9465
2098
3345
4444
5920
6201
5247
654
9333
278
5904
4610
9853
6940
1775
9680
5676
9969
2466
2231
9303
3175
6026
954
6363
3119
7823
5470
4137
4324
3987
9858
20
5652
538
5096
9811
5637
1018
6751
1949
2720
8671
776
6593
3613
4071
720
7793
9251
5422
4288
2894
3225
6746
5813
5804
1946
8641
3898
9780
9336
7366
267
988
1338
650
6687
6230
7193
2780
1727
6996
5067
7320
8050
7222
9381
3076
3981
4045
5977
7848
156
9199
9110
4908
3203
3704
1197
9181
3612
9
2232
3632
4224
3868
814
1535
9085
2864
2868
6939
9826
9732
7290
3946
8154
6409
13
5190
8586
9090
9241
1309
5133
5461
5025
6139
9252
2782
5717
6839
4143
9488
2362
4251
2184
3601
9625
6411
8165
8400
8459
7298
849
9489
1404
3715
9359
7732
6125
5432
8894
9334
6615
7677
2383
7765
4344
438
785
2202
3550
6084
4993
