5649
1087
7209
4034
4481
3959
1104
7735
3190
8265
9302
9551
7216
320
6311
2433
288
9466
8513
4145
7571
4043
588
8710
6547
7968
7249
7646
5838
2025
8956
181
8935
9544
2890
4282
641
8311
2035
4506
8917
9300
5924
8424
3787
8054
6303
720
7963
6423
9809
2906
939
762
7579
7040
9448
7669
8665
3875
2369
9862
93
9356
7451
2911
1452
8600
551
8181
6047
3098
5456
8567
3754
5195
3851
1401
3038
3678
469
7225
810
5701
8074
4063
9228
3199
556
4286
7920
6470
117
5180
8638
3625
6309
4954
6856
2297
498
3052
1469
9111
9245
7380
9422
3247
4012
1323
6803
2684
2661
285
1782
5617
269
881
7591
4980
2924
5895
5699
989
8383
4644
303
5218
1738
1480
5313
9803
2555
4825
4117
7113
2367
5353
591
8413
7821
4727
7041
4932
5340
5615
1087
1059
7710
9657
8836
7374
1639
2493
6132
705
8087
4012
3141
9471
3871
7575
105
5188
3922
4118
3669
5225
8453
5770
3905
7625
8247
8892
1858
6143
4291
8309
6255
2513
5071
2888
5871
3398
5980
7612
982
1491
491
8814
3308
3787
2026
7339
8899
5176
8772
9069
2541
2197
1096
3439
5420
49
2651
8391
21
5764
1811
4532
7542
1820
9615
2174
3466
7431
4080
2430
6336
9220
8419
7523
3308
9085
2489
6124
3559
4663
2602
6628
7268
6988
4755
5058
3548
734
252
4519
5458
4675
746
7
3999
3938
1782
5769
5887
1035
77
2379
1790
9651
9978
7233
2746
3760
8798
5269
2461
4737
9073
6363
2375
851
8165
2074
4495
6753
2099
7208
4266
5397
1022
998
2033
1214
8289
8627
7016
1295
3780
6260
2146
830
4779
1825
1584
132
4527
9337
5309
3194
9357
6754
6760
1907
246
6046
202
5843
3543
9460
4209
4793
8679
7801
6472
147
7728
4953
2984
1640
2821
7855
1593
7972
2656
2651
5888
3409
8566
5851
448
7556
3986
3992
2568
2228
8509
6503
8782
7549
9208
4268
6719
9275
7407
725
4132
661
8655
3251
7294
5180
7317
33
402
864
4888
1698
6084
3135
2909
7530
4681
589
7193
3282
6567
7417
9964
1309
7461
6869
459
4035
1402
2510
2572
8584
9879
7868
192
3874
8450
532
7026
1368
4115
3750
7921
7270
7706
7149
2933
7026
5577
8319
3761
2635
4027
8688
4533
9524
8017
393
5377
2504
3035
5623
7758
9678
5194
6337
5119
9071
81
151
1008
5244
5232
7726
9586
2156
4651
8040
182
4161
6295
550
8367
9176
5095
7447
952
6763
4721
4947
1224
9182
1072
9903
3792
5282
9238
6864
5472
5536
3572
1162
9778
1472
7402
5634
7822
4306
4930
2098
7653
5661
2890
3885
7429
7933
3676
2368
5182
3058
4774
8737
9418
6256
1644
2010
285
5633
2416
5734
636
9459
3190
8687
9970
399
2114
9453
1894
6
8919
776
7577
7395
4133
7236
3450
3142
8803
8980
1319
3221
1247
4988
3005
8028
2062
1675
9657
8416
2441
6495
7945
4073
3707
1678
1493
9516
7883
194
6116
9550
115
4639
1700
9108
3820
9851
1866
2046
8521
1740
4998
9705
8523
8093
6624
2828
7817
1911
3679
9748
2900
4222
5773
9702
533
1245
7187
2575
1941
287
6074
5415
8381
9822
4071
1662
5594
1825
389
1188
6260
8618
9306
7963
231
2246
8981
7447
2086
1713
2499
7667
4316
2284
9132
6313
2337
1486
4986
1199
4428
8479
7339
2934
5703
6983
6323
6768
253
7118
855
5219
9713
8173
3185
4311
9693
2593
7823
4055
7728
1269
6177
8117
7716
1614
7768
8561
6179
2820
2569
8987
5079
7226
6696
3469
4441
2763
5453
9225
5565
9077
3569
8188
2212
9140
2345
6291
2857
8872
7402
9625
1790
9658
8723
3435
691
2474
6756
3339
5135
7812
4528
8137
2416
2583
5861
88
8082
3733
4113
1654
8586
8448
4149
7345
6606
2500
2669
5528
3738
1554
8451
7862
2510
5061
4622
3338
5965
8725
9596
9831
8422
9508
2015
8545
5435
6597
7699
5735
4488
2858
3383
1738
474
3898
2876
9441
1640
6069
6123
3096
2361
487
651
3620
8816
7462
7874
8405
2456
4594
3807
2055
4028
2263
4911
9426
7796
2202
4951
3908
1653
8445
8065
1953
3799
5029
6535
9524
826
1574
9164
7377
5196
6039
7606
9831
2327
3855
3524
6071
8842
3940
9028
3912
3837
5071
6476
3419
4515
611
1450
1828
5951
5600
4456
1809
2361
7900
2762
2240
3827
4233
3646
4422
8099
2738
4308
6925
1862
5951
1696
9107
9624
2022
7606
6742
1258
7395
512
3201
1149
1205
5843
6117
2889
188
640
2587
3507
3039
6892
5630
329
4836
233
812
1752
5418
7113
4759
431
378
4126
6607
3693
9769
7697
9363
1348
7497
1018
601
5488
3930
7812
969
361
5280
9264
4568
2937
5965
1302
7429
6418
4326
4300
9022
9602
7859
6210
7033
4748
1390
3197
7478
5394
544
8862
628
3445
3269
4351
8204
1748
4187
6793
8825
4399
114
2826
6778
2029
204
7259
3868
3462
877
4348
5280
8302
3933
590
8223
7225
6073
3467
6423
8088
9416
159
4468
6287
5562
3882
3470
7251
226
3201
3547
7422
1547
1457
9221
7645
2807
9262
968
9483
9474
2911
9927
646
1242
5519
2997
477
2045
5709
2429
217
4921
742
7445
5649
4018
7157
5339
1625
3038
2146
6094
8991
8012
3204
7611
4449
2366
1892
8342
3033
3997
9958
284
1013
7262
2506
8142
4324
7666
3439
9750
3872
3338
2955
8798
4460
5396
5551
3350
8486
8748
9655
2689
9061
5972
6811
617
9724
9535
9157
5493
9578
1794
8811
6007
3307
7989
1778
6991
5295
4742
1952
1401
5853
5449
7929
2995
5435
4407
6431
9242
9632
3505
1394
5500
3733
8876
7007
9593
679
43
6333
614
366
769
4546
6950
1390
9077
7246
6340
8624
3728
9855
5134
1236
5810
3675
4776
6203
7041
7809
1076
1729
879
3889
5810
3503
8612
2283
814
4273
215
4316
1884
3810
8957
4902
3529
2030
9482
3978
5878
2758
1435
3098
1933
9437
4520
5683
6709
6931
6398
5505
9838
5502
1750
8243
9695
4017
9465
5184
217
9520
4990
6465
1269
9365
6604
3694
9581
333
7608
8170
108
6356
1234
1510
6996
2775
1485
16
9234
453
1017
2802
8556
7425
6703
6363
6189
9323
4569
5080
634
2310
8433
7946
821
3900
752
6714
7726
7688
9943
9617
2768
7791
5762
7830
3222
7541
3188
8908
3213
4896
5709
2607
3907
3911
919
9674
7970
7621
4866
3463
1527
2723
6762
7581
1475
579
2312
145
7227
2203
2208
6682
3763
7154
2129
9242
7198
7554
1956
8853
4981
8805
4883
2107
332
8000
1566
344
4522
9516
557
1717
1229
4839
3857
2191
4350
240
5648
1468
4355
1646
2995
3767
8581
752
9616
1406
7684
235
7728
1211
3890
8776
8379
9926
6644
8546
7697
5003
7817
8771
5059
1413
1676
9058
9281
3443
4546
5265
660
2867
5245
8883
9913
1286
220
8116
9889
4996
6603
5165
2323
5294
2362
9576
9798
5787
5143
1913
2638
965
486
5556
1459
7082
5647
6909
8798
7196
7445
5964
7357
7143
1262
9821
8227
8132
3610
1495
9698
4724
2522
5153
6204
3967
8438
6773
7331
2667
3224
6159
8879
4947
6492
2204
1473
1506
6494
8369
7391
5346
7506
9446
2944
6114
6860
3843
2005
6652
2542
7867
6085
885
6642
9796
7750
1743
823
1865
7088
1458
7489
7727
5474
4291
4306
1458
6896
3496
387
1675
4777
171
9570
1002
1395
1533
9944
6749
7755
114
9085
3431
4088
3381
1281
1550
5023
5378
6439
9903
8932
8122
361
636
7926
684
2578
7229
3558
8180
1044
5641
3427
1178
2651
7977
5541
8488
4729
6197
575
2679
5515
619
6944
8257
867
4289
32
6968
471
9621
4805
3351
9192
8168
582
6380
8313
7843
7782
9780
6970
4468
9082
4450
6242
6150
1645
1314
7108
9642
2786
1872
8734
7591
8799
6736
5417
4371
5505
9541
8918
6061
9558
4726
7875
7059
1529
2919
7545
1795
5338
6901
1191
5062
3773
4487
9110
8607
6481
2002
2504
4773
5085
3553
7199
239
9910
6750
6526
4203
4154
5158
3639
5700
4287
1374
958
4187
9980
2347
8509
5999
2894
312
3494
6848
1336
8556
595
7125
6920
1104
6240
2456
179
9387
343
6689
4350
6974
5855
8307
443
5504
9905
4081
2156
1125
251
5764
6172
940
7316
6544
1979
3228
5160
4083
5429
3538
4409
6041
2002
1143
6394
2169
8932
6815
499
4304
211
3361
6115
1880
4856
4988
6445
5933
6728
173
3941
9022
3758
5422
6128
1942
5429
4094
6201
673
54
5266
4937
8635
7525
2524
9162
9948
9006
1525
7325
9185
2317
8169
4554
1862
664
6334
7998
7802
2802
5232
8203
6407
4697
1688
3828
8882
6350
1871
5099
7484
2568
380
6034
6003
3117
1936
6724
8820
6006
2421
4725
8171
7418
1504
8945
502
3194
8681
359
3180
9735
8197
1306
2264
6647
6020
9198
481
9569
3813
1038
2160
9209
667
2321
8436
1822
3266
7598
1745
7120
9097
276
3345
1904
5344
6070
1416
1594
8176
7929
128
7274
3297
235
2029
2860
8814
6592
7038
5588
5756
8644
1434
3104
9907
2991
9297
2175
1003
9506
7056
7260
1805
7151
9033
2006
77
2706
8158
3104
1070
3763
1404
3889
6758
9790
3916
4574
796
4107
9281
7043
4901
5220
5946
4794
3223
8100
1396
2787
6149
4734
6399
7711
3925
8542
1307
6503
3534
9115
5281
9819
9316
2120
7090
7602
8962
4206
3111
5903
1745
4260
4126
7656
5090
480
7554
5249
8921
7372
5871
9422
4626
7993
5169
7265
6939
4583
9987
1923
2521
5026
1905
7961
8662
3512
9721
9314
9098
1262
8457
1231
1713
7160
2923
3690
4601
8791
9151
1385
2838
1493
3560
4578
8186
6781
5455
5872
7899
1778
3141
255
6852
8123
7774
9646
9246
2251
1911
8639
2329
8891
1645
5106
4744
6184
2211
7908
6419
3903
6979
4081
5191
5913
8882
9567
7814
4244
1474
777
9400
4918
4091
9146
5883
5034
1829
7147
8698
6500
6475
2232
9444
4292
8903
4631
5100
6147
6967
6021
1029
6190
5443
8700
9917
7146
6209
9094
9644
4538
7514
5164
2046
1513
912
4614
7546
4813
3269
9669
7725
820
9065
4621
9021
5543
5189
4357
5975
3981
6364
5650
1692
2382
4424
8103
6521
1563
8751
8341
3361
690
8370
9298
9429
8707
8433
6246
9881
4927
5112
2610
8218
1220
3289
1533
2079
5709
874
3676
719
1903
2017
7779
2234
7808
9097
8168
4425
6696
9924
2541
3110
4957
2288
4170
5589
2711
2743
4908
5067
9747
265
9330
3839
2706
8344
5729
9243
9456
936
6712
6561
3093
8735
708
7324
1124
2242
5806
9809
5038
7233
9063
907
1691
6403
7638
4995
719
8188
2950
5961
1527
87
5424
3122
9328
9137
5331
397
2163
6648
4717
825
9868
7778
6509
5263
1557
9060
9483
4959
335
8648
1990
2547
2700
4674
3068
5008
5336
6878
6906
5125
3896
5451
5482
5067
6731
8917
4653
6847
1529
9771
958
9653
4352
2605
9981
3261
8634
4487
2233
111
6392
1477
9200
6008
5104
8331
480
857
1501
683
2704
6366
7844
309
2359
7234
7203
4399
7530
5972
1690
9235
8116
9227
1655
7126
110
5224
4426
3011
7175
7800
8367
3750
1943
2364
1706
8806
186
3106
5911
5742
3372
8760
204
7760
8947
6342
7223
3392
3151
8391
9826
337
8174
9487
5541
6456
4013
2037
8279
981
5538
9701
6573
8088
6927
9190
3842
3182
8938
7627
8944
9458
9238
3195
4643
8610
2436
1362
7512
4928
4386
7615
5274
6427
4810
354
6608
165
3406
4345
4051
1426
7168
5981
2775
8086
894
6473
6751
2124
8567
8070
9083
6
638
1397
5146
2440
1087
9114
5580
1884
8617
2207
1139
3097
8294
449
2956
8031
3549
7840
9849
1369
3554
7137
8989
7187
7698
5017
7434
322
7126
832
9840
8331
3122
