1764
4527
8253
579
6120
5131
9683
3958
6512
6545
8642
9485
5390
682
4381
4095
5794
2343
5688
6125
2566
9828
6887
7882
3921
6315
3805
4856
9477
2183
8980
7027
6630
1503
1321
7115
5782
4310
9207
455
6324
9935
7566
1204
9519
5669
8873
64
1463
9355
5200
9331
9167
4101
3454
2191
5445
8255
8772
4453
3810
4019
1666
8596
2826
3635
2971
1967
507
2958
6894
3229
3244
8388
6550
3762
477
4656
8235
3597
5884
7741
409
4709
8185
9329
853
7993
9849
6654
791
4090
9955
4301
7903
2398
8271
2603
1102
7035
1179
658
8721
3332
6536
638
8292
3487
3757
4083
531
5444
7455
166
2305
4743
7845
545
3379
5140
8744
5337
9565
110
4527
9998
528
4022
655
3467
3957
8707
8501
3758
9041
8445
4127
8416
1315
3966
2391
3720
7770
3967
2284
8313
5857
858
6783
4087
2499
5984
651
9566
9573
8386
2585
8761
434
347
3938
1562
8016
2394
4808
68
8799
241
9724
8959
8500
6215
9383
6988
4747
8119
1926
1010
9159
9212
7107
3539
6314
3979
9369
9806
9853
5740
1310
489
6650
3770
7335
1873
8401
9573
8368
6060
6244
4231
2434
20
8111
1338
2641
3784
376
2924
3635
4872
5083
8987
9950
8180
1523
4782
4842
7977
6273
3853
6192
1404
8938
8935
6822
925
1773
7329
194
6558
141
2120
8881
7379
7314
5699
2404
5801
1535
7452
3103
7432
5431
3180
3528
3933
7884
9861
6531
6219
6307
5688
9707
625
2874
1961
9119
1169
1736
394
3347
6944
5484
6661
7830
4849
8209
8587
1182
4348
9398
5302
9705
2778
7582
1894
3698
6810
5181
2594
9282
8148
6312
4400
2503
9238
7440
2169
8192
7862
6733
5690
4742
7850
1709
9011
7302
6792
6354
2378
6178
681
8276
7576
4245
9683
3645
8130
7013
8863
2682
6875
1697
2621
1301
4754
7075
1867
5110
6313
4243
8456
450
9369
9459
2355
3407
8577
4194
3121
1787
5206
4230
8814
6953
8362
9197
2248
2108
6075
6280
6624
1104
8217
6999
9990
7221
7044
3955
750
4438
5307
5206
4480
4715
6353
7545
5686
3538
5377
6399
6819
2556
6127
9232
849
2526
2708
1452
3028
1988
1898
8613
2062
7076
7356
6404
865
5725
3504
389
2309
5147
3456
739
5926
4899
2377
3324
7411
9143
4891
7424
3938
741
2783
2074
4796
6740
7105
7561
8672
9484
7035
5995
6021
103
6353
4991
7373
1453
7228
1516
6222
5716
180
8721
8134
7814
8529
7199
6140
9554
5414
3512
6119
981
1574
3070
4894
4829
2462
1480
8058
7125
3986
8331
4173
2027
7199
69
6919
1800
3584
4057
6997
3467
4246
4246
1177
2119
8292
9967
6719
7112
7909
3256
5595
1499
316
6889
4437
6852
9585
4811
2924
5421
4601
9007
5465
8990
2919
2048
8441
9197
4130
2489
8040
7156
496
1113
1744
1212
7082
9615
9930
378
8361
9722
2704
7627
3412
9989
1091
1532
7158
9550
1007
7012
875
2942
3062
5898
1174
7805
1178
5884
3032
7732
8235
2057
9075
5825
7526
8638
4293
637
4686
9844
2633
5068
5897
7833
9519
547
4721
2592
2220
3331
1674
3321
8235
7152
7800
3383
363
6557
5923
1187
5977
8328
1007
7552
7158
4081
4102
5987
7835
5832
2730
6148
3815
7663
4248
2245
1710
890
7709
7594
3141
7167
4060
3704
1334
3799
4128
7266
8232
8229
8784
1293
1591
4124
5903
7219
3182
9770
4320
3292
1178
617
5831
786
2082
1703
2465
3674
143
2430
7780
9280
5105
5696
7700
7098
2343
5753
8560
522
2973
4321
7446
1521
5356
2452
2657
1419
3573
6465
188
1932
2890
9828
5483
9324
7043
9335
8400
1146
7226
3091
3324
9404
8087
9925
5668
6173
1738
4648
619
7740
6826
1279
9929
1106
6022
6813
7766
2386
1971
1418
7251
32
8678
7034
5101
7113
2598
5273
3057
5921
5282
7244
1215
5072
7327
2475
205
3984
1595
1436
6285
2084
2190
6365
5848
466
4529
8056
3565
1810
966
2055
1483
362
5933
6336
4717
7503
4291
3917
3102
20
6718
8138
7136
7584
6318
5324
860
3118
1377
9444
3942
4764
217
6024
173
983
5415
8061
9791
932
6319
4968
8665
740
765
6677
8179
2550
9163
8974
5873
7254
6689
2830
8401
3767
2273
51
5121
7347
6229
9933
2828
6990
1924
6753
9489
7275
742
5922
7663
3125
3694
7409
6278
6930
7552
8650
2848
6234
8104
5577
6892
6743
8262
9619
9275
9814
4115
582
1554
5776
7767
155
3977
4439
1790
8475
756
1974
6502
6626
6452
8987
7888
1287
7878
8043
971
3804
1798
172
709
4902
9872
8947
86
7977
8802
7623
2947
8430
5431
9499
7369
3906
3671
4220
3862
401
2567
2999
1541
2235
2551
3925
4556
9658
9990
4437
547
6446
8505
1827
2631
1289
9226
4191
6556
977
1119
3633
5032
445
6872
740
1967
4585
9386
4331
362
9403
8910
3334
8969
5570
1050
8246
4442
5724
1486
8119
7692
7956
4055
5225
5432
1861
5081
3684
479
233
8286
166
7277
9053
1475
4512
2336
751
8239
5627
2784
884
5426
3299
82
6391
9807
9744
107
4324
5473
5645
5243
3588
6833
4167
8941
8641
783
3054
8240
3321
5603
9259
5204
5004
3452
2762
3888
4178
7933
6282
5501
2145
8170
5332
771
78
6020
8787
5155
5927
3677
3518
9509
1774
4723
7938
6103
3176
2911
8366
7469
3720
9435
9006
3435
2612
1264
1027
9961
413
209
8749
1871
8255
4870
1258
445
8814
5302
5903
5968
3130
3330
6091
4804
5941
9808
9525
336
3650
3783
4650
7205
3238
7534
2397
8664
7503
5757
7577
7609
1834
6788
9226
2835
420
8689
2068
3442
5266
3248
1875
5927
9649
6549
5967
495
8805
5562
6330
5382
4507
6468
6925
565
6946
1858
8650
5142
6858
794
5071
5895
3201
7824
9618
8024
6854
4479
193
2947
8767
9513
320
2144
1814
2226
6899
541
9187
6551
3376
7663
8572
2296
3730
9906
609
3899
7055
2652
2155
6392
4705
6682
9721
2845
2000
9363
6144
7548
4281
7407
3995
4381
2784
4692
