7613
7220
5081
7907
188
2512
6798
2369
4281
4512
7939
9415
9399
6445
4979
8453
9712
828
5809
8672
8388
243
1138
5130
7088
1369
7991
9309
2102
8947
7974
6871
8541
4181
9292
5822
9253
7687
8182
1594
5666
585
2363
1636
3661
8566
6405
1054
8730
2832
6472
2532
1188
8718
9841
8340
4002
7480
2759
9557
2929
9246
8778
7839
1089
5463
8505
8001
7816
7284
867
5510
4731
2318
5472
1557
313
5892
5397
9824
7937
4566
9826
3254
1357
9031
6386
6217
5891
700
3703
7270
3209
1323
5759
416
2542
7782
951
8228
1380
4842
409
8482
4284
7104
2087
7078
9300
7644
9433
3919
7652
4904
6003
5151
3887
1286
321
4716
435
6603
8466
515
2690
7030
5407
5653
8132
5548
9957
3205
5759
2988
2344
3739
156
9735
7870
8448
7908
6920
4919
7124
2706
2484
627
9481
9551
1906
2977
340
7713
5549
3740
4053
6746
4636
2757
1224
9791
5636
362
1228
3641
8526
1416
7371
5586
7804
1365
7578
2962
6404
2043
2472
2448
1737
2482
4378
2725
9972
7945
5386
5843
9340
8557
9895
9825
5795
7489
7297
7415
4661
7435
3375
3669
24
3308
4816
8106
9606
8541
9842
5520
6583
2130
9360
3259
1408
3677
7283
1711
6060
4055
5686
9118
361
81
355
1398
5007
2535
4908
2621
8757
8288
7185
2012
7900
8869
9863
8924
4533
9828
8385
8077
6459
7493
3175
3559
5586
2307
9875
1560
3579
859
856
8636
3241
1898
3611
4404
1579
5178
6820
5007
5849
5796
2836
6431
7014
843
6140
4813
5984
9667
933
4255
6762
3788
7405
1316
7225
7628
5505
9390
2609
6600
7035
5438
8994
4807
1761
6199
4088
659
903
915
427
5009
1832
2858
1753
3097
1109
2493
6755
8539
9094
1004
5658
4865
8263
4059
4174
7716
9125
2215
6242
8700
2132
6143
1678
114
1378
2001
7348
8280
5995
4688
828
2072
8183
4467
3618
2352
2562
5514
6948
7519
169
3298
6972
128
1807
1384
7699
9637
9722
7259
9413
6735
3571
1081
7536
5417
6567
842
1869
5
276
2428
9005
5637
2085
3243
1315
2406
7614
3645
4365
5305
1456
1335
891
4380
3556
9966
3508
2109
5247
4788
243
7909
8532
4929
6654
2903
4522
4008
5819
1568
2133
8261
2804
781
6103
4058
3341
867
4197
4756
7413
7768
7061
231
7182
183
610
1068
5281
672
50
3424
3878
5043
6697
9845
7111
135
3583
5992
9493
6071
3535
3092
741
5423
3854
1241
3072
8383
5055
9201
502
9987
7198
2217
904
2709
6270
554
688
5352
4809
7970
8821
7041
5494
1105
1622
3346
3793
7941
2268
93
5896
5866
9276
9238
1184
7651
6351
365
4237
6709
1944
796
0
1340
620
7093
7157
1393
9923
828
8961
9734
5777
1878
7843
5233
6698
3229
9953
3601
2070
2290
8447
7329
2589
5075
9856
6251
1577
1220
6092
5762
4357
9818
5827
656
9111
8288
2831
8671
6721
9098
5637
9350
8985
2076
2397
641
4289
3224
7179
7763
7339
4500
9107
6289
4856
2871
3726
4175
2290
1077
6763
5483
7564
7013
4066
1932
6590
3416
7909
7104
1891
4642
9091
2099
58
2680
6286
761
5939
316
8960
7215
1488
5344
7847
8369
5021
6068
7429
9307
2262
5018
8181
21
3993
4711
2447
7837
6410
6626
6687
1044
9334
2092
4633
5734
4324
1737
364
9679
9435
8323
7716
4185
9865
6334
2566
7277
4076
530
7556
9349
3083
4803
4559
5435
6575
2162
8841
6645
3283
6443
255
6989
4575
6398
1058
799
9660
3280
6953
273
7956
3684
7848
2292
9222
473
7453
8557
4835
5957
6341
3394
4250
3101
1386
9079
9150
2572
5572
9430
3989
5623
6121
8596
5785
5489
5581
3454
7828
2799
83
4845
1724
3754
1303
4988
9673
3361
3860
5852
4206
9801
7839
5999
5756
221
6922
1486
9362
2641
6222
9762
591
3508
325
4185
7306
5447
1268
796
8320
5223
8241
8255
2157
7594
5625
6511
9155
6793
3673
9665
7971
3687
6608
3756
3172
3333
6191
755
4063
4613
4937
5907
6145
879
2062
6757
5677
8165
6966
8682
4689
5399
9613
3560
8515
9261
4514
5330
399
4871
5177
8619
8061
2320
8891
4367
5243
8205
7475
9432
7210
808
8234
5522
2917
7305
801
6494
8161
1517
9735
2049
3391
1071
9828
143
7054
3601
881
88
383
2602
1426
3211
2325
4909
6300
8213
3972
3425
1312
3898
270
667
9310
2852
3092
1006
5900
5778
3770
2025
9781
7741
5122
8355
2201
4355
2675
4536
2408
8059
2301
7001
1115
2082
6816
9081
1993
2427
7205
7133
1983
6254
5116
294
4843
8432
1989
1196
8732
6693
6785
23
7887
9826
8653
9722
481
2642
3074
5861
9600
6084
28
697
1947
766
557
7294
9359
7469
3725
6250
1513
8702
9429
4496
4306
1276
3774
2944
7297
1041
2791
7324
5343
7421
7174
4472
4091
7183
5393
4530
6346
4028
5074
8036
6502
2957
2820
5755
3199
6194
835
8202
6160
434
4600
1322
1767
3582
9673
4524
3346
2849
7195
7384
6382
5013
7124
1719
5875
4030
5370
6448
2971
720
6055
3685
605
4265
2905
5837
3408
5429
4449
5155
5414
7014
6128
9107
199
7926
8682
7270
1999
3375
6254
7971
3105
5285
9537
5860
2340
3732
8991
4765
1798
2406
654
3732
4199
8480
2407
7996
1154
39
1677
738
3487
2266
6521
6012
8287
6957
784
7928
3861
8628
598
6330
2919
4432
3873
4564
6401
4479
6637
662
5201
3691
83
9296
4710
6327
0
8181
7565
9508
5915
9276
3307
2653
696
2064
9733
5600
2660
3512
9648
9365
1262
6848
8466
9989
4361
9242
2626
7733
9737
6648
6161
990
6043
2623
2919
6727
8707
6758
4904
7001
4433
7512
3018
4168
3883
3697
5064
5748
5901
8654
7299
3612
8201
1221
53
1149
8833
8031
4980
6363
9918
2345
1327
8474
192
5695
1330
558
5677
9920
256
946
8462
8844
4967
1716
2020
797
5938
3460
7721
5461
1598
1665
1327
1119
587
1589
66
1269
7066
5279
657
2783
6568
6518
6108
1331
5039
6917
4461
3606
1706
9098
5782
48
7201
998
4656
6236
1949
8663
4175
5866
6295
3608
4024
3354
3003
4789
9614
9476
4875
4570
1426
9191
5032
2647
3746
6794
5103
1873
9786
9916
7025
5118
5809
507
7462
2895
351
7919
9938
7343
5861
6484
8723
9314
9181
7543
201
1857
4154
3831
2024
5134
4348
2284
7701
4983
6405
9888
4410
9733
4831
6027
4847
7640
7186
3940
9681
358
4580
3324
5795
6245
6146
5962
6917
962
7713
6277
7470
1848
4315
9152
7506
6816
3346
8060
6451
8194
193
7566
6046
6800
1005
5611
8351
1848
7866
2632
2971
7787
125
6539
8768
72
1868
4837
9233
8044
9588
7786
7426
4590
6024
9373
5927
9045
5791
6087
9605
1941
5986
7036
4170
7631
217
2747
1448
3545
7705
4161
3121
2918
9985
7807
8269
1179
6555
7884
6470
4872
7352
1104
7443
6004
4336
5521
257
3960
6656
292
9990
1823
3890
9358
7373
3798
9656
8340
7455
5724
3547
627
6592
1208
2768
5567
3182
1772
6136
8975
6485
595
2155
3737
9580
5926
9780
6200
7072
2056
5163
2259
5497
2829
209
5551
4558
5150
9064
9037
284
7645
6812
379
7009
2720
598
993
3667
8607
7153
8430
1315
1699
2276
1825
3018
8432
7190
565
4295
310
3936
7015
2134
5279
6905
5199
3302
3568
513
8641
8117
6404
3584
2247
4157
1505
9510
5037
5470
182
7477
2870
6794
7026
4147
2815
8989
4655
7048
3800
1446
2821
648
1319
9584
3275
3558
7548
727
9230
678
2031
9593
1005
7201
2266
5473
7491
2357
7967
6725
6441
9518
7569
4676
5279
5881
619
8208
8114
9318
5100
2379
3941
2178
4461
9262
5649
1835
5117
6870
9365
5615
1572
2487
8935
3339
2908
42
867
4203
1411
7266
965
5937
1315
7249
5031
3296
3286
804
2530
9787
8147
532
3914
1253
1543
4871
9409
2449
9796
553
9520
8036
6036
4889
5232
7604
4811
5092
8963
227
2898
431
5674
7863
3752
4458
7238
8441
3165
8753
2154
8899
4089
6670
7006
5605
9278
5459
5685
4620
1452
7748
7311
7082
2016
8894
4061
5615
1004
4984
5640
6125
2897
7366
8022
5602
5244
3523
246
620
9573
808
4583
3099
7019
9126
2144
9617
4277
975
8179
8044
9031
2451
8692
602
7844
6774
2786
5598
3636
2710
3174
1007
4359
3837
693
1853
9223
1057
7303
9918
3959
9935
6088
8664
1953
6550
6048
8477
3842
327
4109
7350
4164
48
6707
9925
3
9666
8539
3470
3210
3886
6639
2799
4757
9534
3804
7417
7043
7685
6567
3228
7571
3236
9434
8046
5309
3147
8867
4825
9255
1938
7660
9065
7268
3186
2755
7137
2048
8751
7296
425
305
3247
792
6144
631
9876
9593
9414
5334
5169
3616
2774
1621
4391
4200
8706
7884
6428
2312
7906
1570
6800
5927
1080
6151
140
346
4857
6016
8936
5449
3028
9806
3639
9459
2803
4623
320
9625
1993
5858
6016
6458
7137
9955
8581
9605
4458
335
7450
295
5220
9905
4037
7368
4608
7113
5685
1364
8511
6349
5037
3874
5797
7636
7514
7419
4551
5024
3168
4486
9547
7857
5609
3042
4783
4212
9925
9829
9298
1157
3559
2060
6671
2232
8955
2744
8647
8555
4463
4824
1108
6304
458
4507
6294
9981
925
4788
8583
7809
6870
5977
2424
2913
6817
1267
84
1497
1409
1834
3749
7159
3638
7816
1218
8667
3601
8574
6948
7076
6852
8135
517
6873
8375
9419
2713
5018
21
3906
5411
1184
7835
1817
5141
2296
7119
1488
1847
4543
7319
5688
3698
6445
5849
6879
6026
7263
9823
3074
7474
6081
7336
857
9238
8197
5416
2380
3965
7147
38
8721
9265
2622
4737
2837
7096
6820
8223
1534
4336
4378
8172
7385
1729
3891
7877
8299
8117
2300
4820
4613
4362
6883
5376
960
6683
3482
7845
2939
2270
3717
6795
6670
994
8406
5318
2676
5784
9198
8183
4210
803
5490
8147
4170
967
9127
9674
3999
8516
5077
9205
2653
2390
2307
8775
3587
3948
5417
241
2993
8241
4255
690
3070
3467
5674
5698
9982
2504
8893
6019
7311
9507
3496
5019
2360
1413
7010
8704
4409
8909
7200
7557
1201
3934
2791
9550
2313
1086
5087
6680
5859
8476
2194
3189
7999
9471
6950
2181
3107
577
9470
8837
6129
2242
5306
2588
7665
8781
606
7688
6601
787
6378
1482
4753
8437
4994
2299
2901
6890
3391
4420
7847
5641
9104
5826
5680
2114
7197
5561
7304
6057
8456
1447
8467
5365
1786
5611
8015
5838
6668
4845
4923
7099
4709
5165
6743
4368
2895
5075
9567
1160
4958
77
2333
1062
1417
1693
6369
7723
3349
7931
4426
945
9686
8484
2142
3316
2931
7235
8873
6241
3616
6639
4133
6401
9473
3429
491
3687
1401
2749
3736
9485
4562
8310
6329
9811
9656
9437
737
1247
6356
1984
5120
8900
8161
9023
5002
4649
5526
8929
1070
875
2011
3023
5037
9508
6426
2293
2648
8805
2447
2881
5306
514
6040
3005
9558
8294
168
9753
6756
4156
5724
2826
3529
3452
7402
3703
7433
554
3310
2914
1113
6688
7539
5180
2619
8645
5586
2025
9146
2051
3600
4094
6401
5732
3704
952
6025
4341
9346
4374
9084
4840
6557
2280
4484
8718
9299
4345
7366
5881
9650
7093
4021
8036
6485
5772
6681
9095
9527
2704
3642
7632
9164
6935
7637
1740
6263
8027
8088
9789
362
7575
949
1511
9096
5691
3206
2610
6470
6068
7790
2670
2699
2489
8637
513
3714
1681
4974
3349
4168
2269
8469
6095
3783
7251
6880
5022
3234
7878
3032
5576
2396
156
8533
7606
763
1236
7501
2553
7111
1911
6761
6174
3067
3169
5456
7294
3151
9251
8833
7761
2067
7085
8079
1293
8542
2053
503
9229
3858
3103
2141
9322
2359
5945
7859
9681
699
1727
2456
3694
2350
9953
9912
3383
3983
8680
6944
7971
754
2040
1315
1692
8210
4990
4994
9847
9577
7890
7151
4948
8520
8931
2271
5426
9127
786
4175
7816
6807
8921
7639
9617
6100
2927
5462
4051
3964
8982
362
9891
9998
1054
7830
9167
8302
860
8252
3107
9169
1715
3994
1982
2663
9407
9919
7643
269
4037
3838
8516
5291
324
6794
5554
7418
348
1726
4222
1983
1874
3089
1995
9852
7500
9277
3019
9558
4660
4354
1617
9358
4253
5495
4121
3202
6072
7799
4181
1273
2562
8698
108
2701
8501
40
4100
5348
3121
7126
2253
5128
2932
442
1153
5255
8023
7679
1546
3995
2003
711
2076
8037
5874
4662
6421
7442
9141
3913
5285
7275
7226
2984
645
469
2878
8568
3427
6284
672
2698
7342
8774
7936
6000
1005
99
2458
4318
7653
4222
7207
1592
6803
7561
4961
6812
4979
4496
1193
3123
3325
7291
1890
2690
8301
1954
4051
1837
7990
3821
557
7105
553
9249
7805
4426
3298
2703
4064
371
512
1732
8849
6571
5697
5852
8774
5831
9206
9195
3344
1222
5383
939
4903
7459
4280
1980
596
7272
1750
1105
586
4143
8338
8995
6024
6788
1724
3794
2278
42
9706
7692
7826
1473
705
9996
6829
2930
6603
8512
3934
1510
8344
7675
3098
4964
8206
8878
8368
2461
3878
5690
3444
2757
8568
4241
8581
8383
8255
6987
7953
6196
1878
6233
7907
1823
2779
2353
6757
7910
40
470
9706
3861
6480
8515
8285
7799
6033
9030
2316
9853
6972
6890
3804
9542
9053
5162
6397
9058
1988
1759
1105
8500
9890
246
8794
8795
1342
9155
2681
2918
7526
5564
9490
6301
1542
268
6246
2860
439
3906
782
3955
7773
5636
7952
3762
8573
8549
256
6034
472
8932
1155
4050
4463
9665
1674
7653
6250
1617
6079
8708
4489
675
381
9075
5345
2263
8227
3228
3729
9606
2314
1030
369
6822
5903
4851
396
2977
8235
9225
3559
8647
9675
512
8335
2267
7281
8705
2257
9531
9157
3401
8549
5485
6425
1224
4854
5576
4938
2561
3234
8901
4969
1291
1916
4168
6022
2431
8311
6465
5643
9064
9729
849
5632
1753
2908
6955
6447
748
5974
7377
719
3743
6792
1393
9799
9653
9778
4761
3039
1969
9215
5777
8119
3602
850
7564
2142
8815
5149
6647
7444
6824
4939
8258
3131
5975
7398
9553
3163
7011
5336
2923
4531
8868
5550
2934
4488
706
2654
2077
4139
9407
5257
2470
6763
2675
7594
2932
3182
4021
3808
3437
3195
7438
3951
1855
1658
6356
486
1100
133
3610
1562
8331
196
6556
2672
1692
2477
4238
1433
4218
6291
1556
1175
9015
8326
8765
7778
4574
5269
3280
783
4192
4473
4823
4180
8852
8830
4176
4472
8632
6833
490
3618
3757
6519
1992
2300
2716
2421
185
4573
1539
7983
8208
8414
5278
1972
9867
7947
26
6354
7046
2184
1384
4811
9706
2023
3179
5631
4460
1919
8483
65
4874
5182
3457
7379
9025
2148
3439
835
7640
8621
9786
4633
9150
7944
5504
407
6417
3776
7416
3335
3506
2269
2759
2125
9937
1700
8458
4162
4105
4807
2069
7016
7207
4106
4392
94
3933
3272
5090
5772
6422
8307
4326
7586
3552
668
5355
4186
8487
784
5311
1673
3590
4465
4008
3649
3322
6596
3481
7883
2522
6183
4184
813
9611
4376
7325
6298
1675
2351
6612
3006
1150
9127
6872
5603
1848
316
1453
8522
5480
7543
5075
7509
8479
4894
3932
3368
2937
3091
190
4359
4767
4314
3786
8580
6822
581
434
5299
4658
6457
1079
4712
7816
2434
4715
8861
123
8850
3417
2591
8331
1395
5722
2291
9618
8398
2107
1943
4956
6907
4156
498
7173
9330
7292
1995
9648
4870
5407
9960
3992
334
4611
649
2853
3023
2451
5442
6996
4360
8408
1338
4204
6664
1268
9886
1223
7066
9049
9151
8967
1936
7557
305
5493
2382
4368
347
907
6417
6051
5057
3251
6173
7789
1841
4713
9222
6209
330
3007
1470
8169
9783
3685
5366
585
6201
5293
1260
8885
8810
802
1587
4656
5119
5527
7290
6218
6091
3878
3384
9392
8159
4734
5885
9574
6760
7936
5478
379
6904
2502
4232
8566
9832
485
425
9756
1303
9115
3136
4511
6214
7853
2618
9778
6357
6259
4692
6379
2909
3253
7387
9282
2987
8223
5880
3719
6
9723
7445
6843
933
8014
1532
1627
9579
3632
1386
6926
4038
5282
2674
5268
8065
6897
1475
7794
762
5493
8694
4007
6259
8573
451
2499
5289
2246
4339
7687
3489
9006
9572
6704
7070
7151
4986
86
5113
2175
2625
9657
9149
4195
6201
7097
4903
4417
3133
7093
8145
7989
6024
9673
6438
188
4482
7353
1211
7830
992
4069
111
8026
5192
4507
7844
1980
9345
4422
4829
2372
4064
4782
6898
9075
7418
5214
6036
9426
2430
5064
1631
6092
7679
3651
4138
7695
3223
4788
8158
4770
9392
4496
9947
6400
9108
4980
5160
912
5389
2401
6228
7396
4385
758
5182
3477
924
9272
6976
8788
7906
6074
398
2874
3075
6709
8500
889
6721
1986
8173
380
1689
6059
8927
7693
2683
2250
4284
3087
5335
1117
5229
9527
6740
2519
4151
1293
8242
1027
9369
5041
8143
1947
4927
7764
6701
3402
7672
3210
8288
8472
3798
760
5910
221
21
8495
1426
1579
346
5256
731
1533
7975
4851
6967
8829
3334
9267
6344
4505
3425
6718
600
4941
4745
4683
7267
7860
1866
7689
3964
4715
6447
4549
5730
4237
6912
9990
5080
3593
7330
1171
2860
5521
5137
457
4298
2139
1250
2001
8676
8668
2850
1171
2952
3228
8665
2683
9354
2083
8914
5399
4479
3232
7278
9191
2749
5068
188
2027
213
1005
9566
3465
5639
5404
8721
4137
4579
936
7532
9470
8685
2579
2281
9892
6928
8871
7534
9076
7564
6727
2325
6396
9720
2193
553
9691
1265
5796
6015
9695
5300
7848
5730
8038
1019
5997
1378
6576
5977
4598
7544
7024
5844
3070
7211
6334
4650
8305
9479
5072
3174
4402
1841
3173
5689
1526
9519
9875
5556
4542
7325
2396
8317
1202
5332
945
6888
9148
8206
6058
7195
748
9503
7905
4176
4904
6429
6238
7468
5313
7645
3914
3281
5454
6496
6602
3969
1514
4765
6152
9648
5881
7493
5412
6825
5424
7715
7775
7468
778
1063
5657
8185
5110
4094
8254
3279
3446
6944
449
7301
6506
444
1511
2457
6264
170
4384
3684
3905
5103
3772
9593
4758
6523
3985
559
8872
3547
5541
6216
423
5365
2937
3361
3858
6592
4619
1854
9826
1422
245
474
9301
4298
9574
6897
34
9644
1995
5965
5514
928
5585
8247
2904
9724
9880
6518
3141
8814
7062
1228
3276
9400
2149
7312
8471
1481
3968
3730
8607
8115
5152
4054
2398
8881
1252
1070
83
5163
6136
911
4324
90
3303
2543
7755
8898
467
6548
4784
1315
7847
3135
4727
6131
8929
3012
3088
9571
6196
6386
7947
3292
3272
4690
8762
4867
9262
6869
5630
3486
676
7054
8092
6265
1257
3263
3860
6018
286
7434
9546
9660
5483
5504
7401
7504
7492
2539
4360
7621
9136
1981
2270
6174
4102
9950
1098
4172
6530
5263
95
3448
5101
3318
5453
9824
2660
7322
6807
9407
5123
3488
9088
4756
1518
7742
705
1254
333
283
3805
455
6070
876
7430
6362
3860
2160
9833
2696
9321
445
1881
4010
5464
3485
9520
1198
8364
2535
9632
2427
8580
1633
219
3808
5843
491
2866
213
422
8657
2660
5580
5737
7660
8374
3770
3302
4739
3591
5573
2878
6482
7671
4825
7829
3157
3992
6752
8123
4897
1739
4655
1149
8996
6625
6813
3584
3534
5468
4113
5904
6319
9234
309
4842
9676
9315
1058
8048
1042
2174
4908
9551
6471
8216
9284
4217
9221
1755
7151
4347
8357
311
5565
1784
2991
3093
5549
4477
6191
502
3898
7292
8873
8765
1379
3069
8049
6390
8561
1404
5692
2039
28
9438
4182
6627
82
1059
1807
5983
8232
8368
7093
4233
712
1973
3911
2244
5073
4763
220
9900
8525
7167
2092
5770
7067
587
1205
2832
1724
9682
8421
4276
219
3514
8213
9168
7268
138
8756
3749
4370
9198
288
503
411
2309
13
3760
7715
1564
5222
7575
4276
2377
7625
8898
1814
8062
903
6634
1031
25
410
5091
9976
9272
8639
8542
8806
2037
2578
2120
4349
4784
9407
3149
923
1564
5108
6112
9571
9772
6533
3971
6560
8729
1212
8288
3340
9168
756
713
4435
728
3121
8778
6747
8852
6161
9686
3628
2089
9921
6768
9731
5776
7968
4646
8130
8261
8647
788
9499
1436
5634
3092
4223
8192
3395
5418
2265
5593
7257
5579
2295
4060
9642
3202
1172
9678
3760
8062
7196
8822
3527
3066
5725
1781
3822
9830
3724
4747
8311
9024
609
7641
3042
2054
6353
8590
2736
5460
4229
4551
3308
4502
4803
1587
8518
7775
9831
7594
844
447
9551
4907
6702
9698
4555
123
3926
2317
3880
3761
5097
1030
4262
2897
3719
3117
1587
5802
1522
2134
4508
8793
4240
1172
1919
1992
93
3939
489
2498
9901
8223
5876
604
271
4760
1330
7105
1618
3417
448
7514
905
7720
6563
2023
4965
8232
9917
8458
3985
5063
5139
9115
6343
9871
5799
1403
5349
8137
9838
6476
5646
3168
9550
9711
2050
4362
2417
1768
6395
3551
4626
9253
8630
4940
7352
9531
6824
6082
6999
5135
7012
9621
4532
9368
7889
8138
5729
6207
7239
7298
3741
4436
6675
5752
7706
8011
8799
3734
6301
2151
6185
6165
3146
7338
4747
196
1701
1510
4982
1617
955
4058
3356
9294
9592
3966
2657
1932
5556
8381
4530
6814
9978
7246
9613
5921
9285
4219
694
829
6964
4048
2126
4148
6954
1815
4397
1883
3908
14
6165
8101
1686
5294
7353
527
343
7900
5960
3301
3622
3306
8138
1015
3489
7365
5766
6391
5596
3428
8283
2425
9746
2273
5837
8749
2392
3485
8980
1014
3991
9942
6046
1653
2673
5450
3131
83
7038
9246
3169
546
5190
95
9966
6154
4116
6982
270
8440
3370
3059
1953
2730
9722
4415
9197
989
4880
5478
6238
5447
6681
8428
9638
8283
5286
4870
5327
4891
9785
4173
740
890
7383
4415
4243
5878
6853
8644
3742
199
318
1304
3892
4485
2564
7100
6619
5582
5098
7324
2846
6617
2917
6722
4199
3438
5591
7334
2294
4404
665
4452
9738
5641
6608
3804
1362
9213
4584
8400
6431
7441
3187
8079
2550
2568
7914
4750
9827
7347
7667
1529
9499
8760
3840
4576
4630
4040
3656
2254
1821
5451
8349
7472
1862
7858
8493
5501
4216
1039
3330
1427
4867
6873
8318
8467
9604
95
5252
844
5129
125
2330
2644
8498
643
7287
7127
1378
3031
5357
9371
9339
9589
5219
8742
7972
2520
318
6761
7038
5069
9994
170
1012
1929
4700
8665
9422
7029
2266
1677
3192
8198
7635
8835
3841
9795
6787
4288
835
6407
6687
5951
8641
2958
6985
6905
9114
9188
5944
7683
6737
9329
2602
4977
3911
1056
9529
4435
1021
1278
5721
2619
1320
200
7115
5961
3810
9233
3051
2623
8237
2767
559
6487
5087
8637
4807
1250
44
7174
3248
6527
6739
4133
3050
7229
3843
8511
6265
2048
2535
2300
4826
6874
8229
5538
7973
4144
6057
6691
7971
9740
3065
5347
6117
4891
1324
1491
9914
1714
5255
3208
4051
7543
3321
2567
2348
4979
8969
7649
5185
1732
8176
7209
7106
6745
1320
3303
2257
6838
5195
6348
1110
1173
6949
6567
538
9194
5495
5531
719
1401
7501
1598
6554
1286
4451
3461
8362
1087
4483
6712
6444
3620
7696
9376
6771
7386
6458
3691
551
2406
2882
3058
8698
9764
4061
5067
3343
8742
1952
3764
2444
1584
8824
6905
264
7443
1126
6875
6060
3853
4266
7125
5629
6196
8351
9533
5582
3068
243
1915
8149
8189
412
9077
5128
7553
4025
5253
3201
3894
4470
548
9233
9219
4079
9100
3433
153
1210
2070
256
150
5030
4284
1817
7244
9363
9377
6223
5936
4789
4623
3738
7081
3803
3294
6946
159
7309
9333
7234
8221
1960
6445
8777
6956
6957
1237
2982
5831
5770
7991
854
1064
2974
845
8131
7294
8885
7672
8171
7269
4997
8815
582
6598
1382
2955
9348
3665
3128
1861
2829
3199
6682
5574
9430
5643
8514
9614
6938
3489
7916
6246
590
23
2932
2519
4795
5569
3461
8855
6062
1241
8334
3257
205
454
3876
7896
5173
4005
9847
6776
1940
5410
4955
5464
9828
9343
8195
6444
9362
7560
4138
6580
5281
3436
24
6361
4696
8433
9991
4138
561
1177
7104
2395
8565
2628
6998
7269
6399
8847
7878
6948
7896
6238
375
9411
1009
2838
7357
5014
7786
3215
8144
4859
6563
3827
3806
1563
1433
340
193
5111
1733
8319
3224
2779
4746
3944
6536
8773
8136
1977
5083
6212
4710
4065
9523
1326
1032
1641
5298
7360
3137
4194
7200
3545
7140
5466
4918
2740
9881
7277
7565
9848
4912
3081
5504
1969
2130
1136
5940
378
5117
186
4672
3913
8880
8972
181
3095
2095
4507
7781
4426
2175
3121
962
4677
8527
2511
4241
5727
9240
2714
6851
1508
9067
8810
9417
9959
2086
8422
6410
4559
697
2654
5606
1947
3701
9931
2044
4426
158
8440
8059
8730
2422
4328
2821
5344
1294
9634
4541
5867
8601
6052
6000
9438
7674
8044
9377
3087
148
1581
9486
5019
8346
2833
5493
4302
6070
4507
9932
5208
7057
6205
401
9537
9594
9179
3735
5673
7806
5164
4620
8802
4995
3569
632
2779
2086
1278
3513
456
4697
4519
2130
5923
5642
2835
5995
9097
5791
1053
9504
359
5124
6336
6115
517
7533
3893
8572
9299
7476
6716
5972
3764
3950
1865
998
6569
7398
8214
947
2848
8142
8344
4323
3622
762
312
723
3125
7385
3406
5471
7185
4313
5649
2079
9915
637
9861
4944
6346
4500
9329
1927
9367
2555
3816
1447
344
819
1531
1565
4137
605
2938
9145
884
1486
7848
5638
8894
4392
8087
2308
5232
1807
4248
1760
3217
8794
6474
4547
8908
8108
6098
9303
1898
5006
7014
2383
9246
2544
3137
8299
5210
6097
1032
5365
3623
6678
4835
1954
4166
6183
3999
7467
8636
4150
3036
8743
8314
4813
6443
6997
9024
5303
1312
2559
6106
673
4717
4735
7620
9116
2933
1893
382
1207
4772
2532
124
292
1865
1537
4002
7263
4619
7091
980
1856
3725
2757
3171
4354
3621
6170
9160
6109
6087
442
8496
4647
9298
6913
5126
9301
70
8190
6309
6276
4797
8558
2776
7858
7612
4805
5298
9077
2700
4226
2648
6533
1347
8196
5991
8361
3324
9039
5183
1313
6499
5141
3118
806
8190
4277
5334
2455
6712
7896
3405
9083
1809
9811
2297
5481
8216
1127
3830
4320
7468
9533
675
503
9262
5151
7880
7995
5158
7011
1846
2710
4224
3934
9858
7363
2335
1093
6834
9394
4293
8863
9762
1027
646
3699
4465
1332
9168
1729
3793
3742
4316
4504
1105
8917
6667
2928
8016
2062
8336
9767
759
5847
9666
3340
5230
4930
7128
5004
6836
5761
2277
862
7560
5807
6852
3758
9345
9645
9696
5086
9842
5453
7006
7170
3840
4379
8610
6081
1313
6949
9502
1598
873
5266
7596
5768
5667
7069
5870
3986
7274
7898
9420
2857
1987
604
5752
7243
3019
7206
9650
4829
1634
6732
2361
319
9998
4061
8495
2931
8588
9051
3055
243
1457
2251
5289
8671
3310
3352
5709
5816
3410
1213
7528
2785
2655
9761
4025
5213
1810
2356
8884
144
870
8334
7467
2206
1762
9325
3093
6594
9224
9707
3969
8228
7574
5068
3151
6192
4302
4916
6090
29
4940
1052
7717
9824
7513
969
3771
5121
9019
6476
9144
8670
832
1292
9368
9765
4737
7839
55
8508
6341
2629
3118
6704
8066
1712
7862
3317
9578
2521
9705
2388
9590
6062
9171
9175
9266
3946
9089
5899
4144
7985
8451
1902
8430
6230
7262
4325
2802
8202
7915
4455
4459
3833
5092
1783
6023
5153
8006
2525
8155
7105
5935
1840
9231
4068
406
9335
4291
1616
5148
5549
4617
8837
7985
3090
8735
5167
7201
9821
5464
7055
8609
3089
9664
4076
8530
3378
1771
1075
2207
2938
2922
2842
6801
9987
8469
437
3026
1870
4051
3795
9756
1228
25
3510
1472
7641
2029
5820
9287
3507
7712
8707
2476
6961
2275
3778
8930
6538
8345
8124
9764
1970
8936
2699
5411
3038
5762
8949
7984
3697
9010
3371
7436
1840
8844
503
7069
6015
3339
8419
7370
9168
2368
7252
5772
6044
2009
464
3981
5291
9468
650
3785
9481
4207
6490
6904
6282
7012
5164
4344
1850
5055
4986
5996
3118
7665
6329
1744
9133
4481
5003
1242
2836
4943
1185
681
3756
5648
8689
1380
8976
31
3953
6823
4424
2992
1435
1902
1046
1677
2295
535
765
2406
6217
5603
5219
2925
2010
8168
6269
8603
1237
1340
998
990
526
7822
5490
7205
2471
9156
1086
9071
2027
9010
3997
1587
5217
2454
4159
1370
9573
8118
2048
7034
1256
355
2804
5129
2072
4093
5457
7221
711
5937
1315
5958
6438
1259
9636
587
223
8493
601
5249
7802
8691
5294
6616
1538
484
9914
963
3120
8040
6755
4576
7096
2351
7633
5589
6037
4241
6387
9764
1750
846
5829
7545
3342
6013
1109
4768
2188
9050
5830
4828
5890
5561
9453
5822
8172
8739
4531
2191
9315
9395
164
6755
2209
8265
3650
5642
2418
4687
5809
5612
6722
1609
6679
550
3543
8069
7371
1447
363
6784
748
2156
7828
6297
8308
1359
7530
4236
3122
9758
665
688
9053
292
7729
8420
4568
8384
5213
9746
5430
8642
3841
8203
4315
4229
4341
6888
6959
5220
937
4275
3832
2636
9826
2695
3540
5585
9708
4209
9151
9934
4171
3589
1475
8320
1133
8357
3962
2901
2900
1353
2316
4263
1476
2232
8207
2147
7658
415
510
6240
9223
3544
9400
8213
3003
2304
8327
9347
8049
4554
6399
1668
2205
9196
9033
4309
2423
2908
7854
990
9931
953
1793
8961
4956
6624
61
4531
2154
2590
4285
5392
7083
1380
1449
5347
6140
1560
1492
2779
7196
782
3426
181
5867
6793
1652
8471
2809
2772
9801
6393
724
3884
2846
2338
5879
7831
9531
3127
7843
3358
6197
1949
2868
7156
9994
5495
919
1422
4158
8588
3653
1461
533
3078
868
5112
4862
6683
5888
3581
8484
6526
6161
6259
6022
1655
3919
525
2433
8549
3217
1178
4334
3744
3843
3157
9904
8087
9669
5506
8893
7847
8838
4165
9227
8948
5885
6092
9568
1902
1328
7477
7795
6704
2578
4355
3825
8871
1127
4794
1455
135
4862
8031
7984
9838
1123
7401
2241
6005
5608
720
1366
8287
4640
3922
4182
8465
3443
1136
4323
8080
1048
7183
9425
6871
3263
6494
3623
184
8744
5842
9374
8300
9581
6935
1164
5677
7102
8958
8096
3563
5589
398
4492
5085
1478
4160
7704
7998
3276
9875
111
6580
7899
2574
7951
829
2447
7433
3045
8075
6506
6183
4763
9388
9007
1948
8641
768
5385
5777
4930
6984
5346
9937
5087
4159
8856
155
6690
5709
8197
1425
7616
5091
6849
9751
8427
7968
1800
5242
7879
5846
4449
343
212
3031
6726
684
4461
8840
3222
5005
5411
7380
7233
4930
3016
7956
8419
4979
2097
157
2472
8148
7001
9047
8663
2613
6469
7491
9422
693
2478
4660
7217
2051
3032
1994
7899
9318
2970
509
6437
5810
8750
6228
474
1799
2842
3742
9510
7945
898
1406
2682
1911
180
5540
6081
6929
842
5144
1345
9146
2656
3087
866
3940
8475
4537
1373
98
2347
8448
6860
4703
4540
3351
3901
934
7980
4398
7228
5556
550
4622
1099
2846
5596
9739
2506
6909
8552
2446
5516
4928
1090
9140
2177
9747
5445
9261
4309
1357
619
5049
2259
3363
9095
7396
1205
2325
7345
1706
2984
4954
5955
6181
1551
611
5498
3802
3181
4277
2429
8416
8302
8224
5221
4818
455
9004
4707
2468
9295
16
4196
2592
8773
8954
4286
8811
8673
3697
4503
2143
7556
9862
8922
2274
7792
8148
5710
8296
8872
9845
1221
3802
3475
4459
7652
3148
1840
4238
9604
8009
3968
6602
8890
5910
5842
6952
8879
5325
5439
1145
9322
5170
6648
9037
132
3
4370
7942
7915
6111
2051
7585
2174
7808
3712
6183
9052
7724
6114
670
9271
9643
3133
2751
3445
7553
3639
6466
2376
9926
6222
2270
2119
4025
8946
7213
3599
994
0
784
4423
8877
5575
1196
6126
7327
4588
7455
3552
4749
6005
8412
4343
5886
3379
1222
5557
5458
3001
8059
1350
1341
6574
1812
316
9011
6672
8551
3634
7492
3430
7028
5450
5877
3869
3186
5095
8663
1069
728
6651
7576
8997
7160
5172
7366
203
8404
406
3113
7862
4070
8281
7012
623
9783
7586
3292
8645
2584
4307
971
1809
352
8892
5468
6608
6434
2361
1765
6506
6236
5610
3751
1631
3397
2537
6677
7627
9330
1674
2220
184
1440
2899
8574
1318
2109
5506
1179
5836
2669
1413
3235
1559
4018
2604
8993
4900
8268
5061
6952
4131
3876
2357
4549
6320
87
862
732
316
5181
5079
7867
7388
7029
6019
9839
3172
3755
7706
8923
9422
6926
6928
19
1744
9631
9168
7200
9964
7039
9272
4145
1049
7595
8887
7019
647
8872
3921
5617
8197
3299
4391
6190
2288
5443
5877
7269
7506
4369
6518
8007
1346
1694
5980
7098
9937
8398
3176
9154
4314
1188
7601
4592
4732
2270
5158
8526
9178
4771
3057
3944
3582
9697
9966
4539
5520
9352
6974
2953
194
6408
2129
936
7372
7471
6307
8885
591
4890
1002
3656
5439
821
9272
5097
2017
3102
9499
3787
7766
3377
7894
4706
783
4069
9764
4146
472
2316
1405
95
1906
5782
4232
9526
2644
7368
219
9539
5906
3300
3076
3161
1989
1781
2716
4752
596
7490
1503
4418
357
553
9548
5627
8232
7297
2880
5289
723
4106
2705
981
854
4980
6173
5701
9738
8051
9066
6566
9201
6203
8664
189
2451
2220
656
4161
3011
9423
7432
970
8298
4629
6340
8020
3100
1465
5567
4961
9965
8524
2184
7465
8036
8711
1604
4777
9222
3189
196
6921
781
5817
3138
6244
6333
1674
7696
7171
3149
6363
8115
7472
2144
1103
2012
4136
8420
2363
9762
7032
4444
3729
7762
3945
4976
2035
3631
1257
2714
9405
6421
5616
6309
7760
7753
3229
7848
2631
408
5102
5236
8629
9351
8475
5962
9833
6435
7021
2699
4504
4109
4918
7884
5056
5313
2842
3975
1002
6469
7121
8435
4719
7976
6820
7669
7315
1927
7364
2092
4603
9925
3470
5331
1282
4805
8586
4141
4737
8826
2869
2044
8627
7489
6745
8922
341
2495
2578
848
5780
9587
2618
9267
9497
6987
7464
6343
8182
8008
5600
3726
705
7020
1221
5319
8509
1413
4518
697
5992
3460
5874
4776
1713
5040
3017
1041
7743
5097
8055
175
6297
4362
9556
3311
9899
4431
3344
9274
3745
8558
4535
8161
6718
9701
2459
9408
511
7281
9621
1079
4728
7880
5584
8554
9488
6689
6781
4999
6061
5868
3633
3039
372
3227
7091
6941
3825
9598
7725
7238
830
6122
1831
5236
2670
3297
671
3120
2884
2082
932
6476
226
3616
6756
9990
1438
8170
6293
3762
7566
5862
8609
7275
4350
1323
23
364
9362
2056
2442
5712
5959
5506
128
5401
6900
3044
5457
4786
8504
9963
8710
627
9616
9390
1708
6768
8318
4555
184
9934
3313
8271
5197
211
6236
650
9583
5674
5733
6113
1509
8247
4120
8554
3466
8399
2639
9176
1763
9543
1916
4939
8482
9121
76
6835
5171
2268
2158
6276
5126
5692
972
4766
9001
3913
1332
6716
6726
7409
6743
7780
7216
2328
17
1418
6191
4447
7074
4510
1600
5824
6214
8797
5577
1209
3525
8705
1648
2680
8779
7653
5999
5214
5143
4334
2002
2930
371
7685
7920
5610
6726
4233
8737
7755
1835
4342
4380
7918
2925
4536
8284
4353
2427
1495
2176
4109
3824
9592
5261
6625
2796
7917
8554
9614
184
4613
8028
4537
151
6035
3440
1374
8994
5778
3234
7502
7501
3927
9754
3523
2517
3
3154
9642
1404
4063
6845
9812
6472
9130
2108
7276
5134
4739
4584
4370
5529
5737
740
1480
6671
2699
8155
4913
6782
312
9455
1092
3438
7915
6092
4992
4352
2010
4809
3983
8202
4004
6581
4390
802
7718
5118
6972
3033
249
9584
9258
3515
6665
4104
7219
762
3722
4824
6109
6696
286
3844
464
5831
2461
8149
6256
2177
9589
829
3941
8965
3192
1349
9802
4681
4727
1398
4344
2561
9568
2924
784
9698
4025
5373
3675
6228
9410
9881
7574
4661
2169
9142
8343
4383
1907
3073
5127
6566
9797
2010
9350
312
8275
1128
8199
1704
9214
2097
3928
3620
1831
507
7115
5680
3451
568
1469
476
5978
1733
202
4369
8410
5487
9108
8575
1061
4318
9483
8981
305
9088
4808
1223
3574
5449
8733
894
3136
4748
8289
7461
3710
9944
5508
4431
3419
2449
2670
7653
9704
1544
1230
8224
1901
4023
2163
6428
9967
8063
5946
8352
4479
1971
3667
7419
6485
5434
6865
8899
7060
8130
2636
6690
5444
8210
2248
8109
1586
1001
6042
4279
3574
6533
4790
790
2940
3003
7803
5760
1188
2125
1069
147
8975
1465
4533
8253
5377
8342
6165
4687
8382
9618
1945
7778
9359
1820
5071
8383
3629
6408
4778
7383
6440
5757
4972
4739
8695
6388
5587
7948
9573
7379
5009
7943
3825
3503
254
6090
9993
4606
2627
6746
2032
5038
574
6072
900
9486
8106
9257
4580
4535
6756
5138
4664
8411
1374
9299
5165
4954
5204
4186
4539
1671
7718
7500
5022
5873
9420
8194
4352
7377
1470
2778
3692
1016
4386
3303
2149
7291
9295
2390
2667
4903
7276
9995
6271
4611
7162
1198
1643
9896
9845
4248
4843
6234
7617
3332
9612
7449
352
1112
2148
4561
6447
1902
5509
9840
5365
7600
7856
6350
335
4920
5649
1169
4305
4318
7598
8689
9626
8115
7681
8928
2069
7741
5859
4606
2784
7782
3279
9918
7600
7558
4651
3364
1649
9343
4305
6805
8739
5994
3961
2976
9103
9785
9657
4105
6223
8520
2448
4985
3239
4626
2550
4891
2175
7873
9352
4044
4630
2589
434
2007
935
5802
1106
7331
5817
3638
2291
71
2594
9432
8624
1348
4593
8546
529
7076
2065
1694
3736
6136
5208
649
7205
6854
9067
7708
5753
9441
4085
2965
6802
6212
6844
1547
1636
5888
9142
6327
283
3017
9997
283
5744
8679
4339
6709
7651
4019
4269
4753
7641
3865
3538
2396
8749
3717
3630
8926
8938
9741
277
4166
4513
8031
2523
2321
2640
6382
2578
4152
3409
9091
3615
2354
988
2874
4359
1548
291
9921
3914
6060
257
2278
7580
5816
7392
317
4593
3084
3497
6859
1715
563
9684
7685
2373
4358
4694
8623
9643
3755
9327
9167
2832
3392
318
2707
1574
2424
6439
3798
8471
9567
6743
3650
1097
2543
5916
6027
6899
5373
4518
7089
9970
7217
2513
4353
6992
1986
2954
1923
730
8876
8935
1397
3369
100
1012
478
8748
3614
4148
4173
2040
5447
2974
6717
7814
8345
1639
5866
2578
885
9854
5029
5856
3947
9864
2897
4673
9505
50
4640
9910
49
9587
3565
9406
5643
5194
7183
1919
9625
5364
7053
8100
3227
9690
7468
9475
4070
878
4096
4112
3362
4903
9992
8114
1907
354
3091
5393
5581
1494
6218
4243
6797
801
7939
8195
9661
5856
180
325
3023
2273
6411
4752
7429
9146
2436
6406
9095
5906
331
305
6465
9882
4921
4591
2654
1944
1351
7309
123
3575
1726
5579
2335
2477
8627
7185
774
5383
3354
8842
4752
6132
7163
2461
5698
4267
4488
561
7269
4426
8135
4655
7530
9605
7810
5923
9723
2022
4962
5755
3672
3761
8901
4871
761
5605
1429
3639
1596
6584
9783
2912
6956
8609
646
4301
9442
292
1117
1089
5366
1523
6132
6220
3827
5752
5614
1717
2700
9998
8806
4732
9285
3603
7691
8976
6760
5483
6189
6751
6245
6209
6907
5976
8304
5624
2596
8699
6963
8927
5232
2386
4027
4133
1603
2987
1321
1653
670
9231
3792
2383
4593
905
6919
4127
2289
9966
7793
7427
1654
2269
350
982
4188
9406
1808
3681
3627
4681
9093
4998
8450
4648
1211
8004
6594
7743
5933
9555
9610
4558
6898
386
2588
96
316
3743
5682
6930
8801
4982
2820
9613
3560
6121
3281
4934
5150
8711
2212
9613
7329
5598
6887
6937
8140
7159
6518
6443
7295
405
4779
6304
9185
9995
5839
6278
6387
8640
6688
285
9402
639
792
1491
4559
6367
699
9588
3501
7408
156
9450
4471
1738
9447
2727
7749
5860
1259
9082
5017
6118
8149
1773
5160
4567
6905
3070
7100
5689
9498
8583
3582
9046
5132
6023
8570
9507
2979
3119
4844
1066
580
1473
7748
2499
8618
7969
5630
3068
8773
3057
7441
4360
7736
5650
3239
9919
7088
7730
3859
7842
5716
7811
1900
2721
8719
1355
7368
2400
4345
7938
7796
1919
8398
9539
4463
1679
3756
1645
3479
9411
1195
9045
2901
5816
6517
1176
4822
1910
8157
7649
4396
2035
8900
3207
6181
264
5095
2784
1791
9504
6880
1541
1933
1975
3293
1824
121
6949
6882
8820
5049
6641
3442
9366
3489
3971
3844
3838
5862
6535
6580
9348
2150
9583
1605
3558
6712
7071
8325
2371
6744
3900
3185
1446
608
4361
5197
1066
9067
1497
970
6208
4589
9600
4314
8854
1305
7383
9362
7543
944
2507
250
9968
8153
9086
4923
8014
1945
8547
5348
1066
8716
816
1552
2623
6275
7152
2274
7308
7617
8183
738
219
7799
683
101
8227
7225
4457
9423
3305
9849
6352
7715
1266
5417
1827
521
5387
688
5818
828
3322
5784
3654
3624
7426
8314
9715
1388
3146
9698
6189
5942
7522
5272
6802
682
9954
2157
725
6006
425
6633
9987
9907
6112
5817
9672
5189
5966
6805
3945
4512
4218
126
2517
4566
8021
3348
1547
1094
1469
4979
165
7162
8099
8443
8845
8134
6628
801
8617
8126
171
1194
820
4368
7477
9474
5471
7874
5817
6414
2635
1081
9076
3030
5232
5726
1324
8069
3608
7106
5706
9509
1886
4097
805
8036
3641
7830
1831
7910
9736
5757
1962
3349
4326
1982
9933
6646
5958
9223
3594
7584
9456
2503
5580
2403
874
9806
6429
4561
2163
283
2570
8845
4397
6355
1416
5013
8425
2048
3504
7049
9638
6243
2050
9402
9145
6201
3642
2104
7153
3627
9840
2530
5549
2890
8396
2782
5797
8524
4538
8118
5121
7102
7298
3697
8665
6745
3198
4018
7798
6069
9817
1853
5103
3220
4697
1220
4662
4773
857
2023
2260
3759
8803
2313
3842
5845
6292
7843
2152
2782
1398
7571
868
2641
1402
8052
2731
7063
9953
9328
3192
6785
7541
9791
3913
8024
5862
7803
1099
3974
4908
3368
2068
7616
2731
4036
9759
4323
1756
5411
8920
5333
2225
8107
9610
6054
2908
9819
3359
6391
1582
3297
4828
3800
2911
8422
7127
3613
9383
9356
2104
5332
1702
5771
7853
8059
8689
541
4439
2980
3115
4969
5430
5945
9143
6593
7205
8552
9101
3955
187
1882
2137
7304
6188
3036
5000
4156
3853
981
5651
3862
9835
4860
3714
5923
6777
4855
7860
2609
443
3026
9153
7669
7391
9066
1112
9397
1509
3881
1771
8104
2376
2053
383
5203
969
2831
1584
3513
8529
8076
2801
6156
2550
4780
6485
4458
9789
9220
7352
3651
9970
9581
6234
8841
5412
3995
6361
2712
1206
1297
4956
734
7761
2575
2851
9267
2549
2550
7518
6887
694
1211
389
9494
4695
7756
7611
5333
2024
854
4508
6912
5572
1530
7916
3003
6032
7542
7316
5376
7151
1052
5185
1765
4504
4567
9393
8635
5954
3683
5596
4797
7266
8985
5572
9627
9493
3618
8240
7717
5704
7490
3706
5166
3360
3869
7076
1371
5241
9198
8038
4197
6205
2364
4224
5711
5239
5383
1245
264
2314
3450
9929
6658
7315
8699
1794
1373
4029
8595
7067
376
5541
6928
5675
2912
8724
2569
524
1868
4510
8800
4149
1772
7574
3903
4319
7310
3728
1905
1577
2369
5829
907
1808
2030
9342
5266
9964
7692
6839
7040
6826
8555
6635
1581
9293
1070
4543
1920
6124
1635
9310
6696
5266
6812
1648
6764
5942
9661
4009
6336
8553
377
3234
5545
8074
4385
1049
2636
2142
1251
8001
5661
3285
3364
4871
5512
5898
4184
1897
4391
2414
2039
146
6413
9933
6964
1337
9947
8031
4858
2043
4487
886
5372
5758
8397
1992
7364
1621
7704
7713
8505
1717
246
6742
3666
9828
3978
6094
114
3280
2979
724
6185
6075
9821
3053
4130
5911
8339
739
7123
9872
6570
5898
5038
3591
5640
6612
3538
6496
6731
2078
6262
1407
4897
6014
454
172
5470
9057
2234
8317
6067
9795
8924
735
4799
5816
2295
7333
3187
675
8447
2262
490
72
7114
2842
4699
646
5665
4641
4258
7828
762
7291
3754
4938
3743
1557
6254
4343
4130
1970
4774
2900
9362
868
5405
8135
7844
9105
5080
8650
6716
5858
7635
2111
5335
5006
2851
6832
453
8332
4523
8430
9242
6483
5223
1359
1954
7030
7412
6193
6800
5256
2809
7461
5873
7349
4534
3577
2387
7598
9427
9918
6352
834
1165
8497
7883
8927
8326
2806
4818
5424
5374
4406
4015
5574
8710
8628
3794
9928
4383
340
8347
8458
8827
7169
3607
8709
9094
6792
8081
5895
4435
6925
1445
5038
6809
1542
8331
5255
3916
4469
4646
4127
4691
2019
9037
5721
3844
9597
2644
9279
9004
3317
6176
6840
1279
6603
4498
7158
7664
3447
5450
126
1587
4549
1392
652
6147
9949
9094
3418
3071
1858
6048
287
9296
4449
8982
238
2208
3106
3447
7700
4051
4261
1697
8857
5769
8350
9776
7118
663
2656
3712
8308
8623
7847
9023
3332
2411
1869
7373
1078
8509
7514
9125
7154
6371
5477
816
4680
1566
2987
2085
1804
279
9224
7515
6867
4902
2622
4977
6238
3017
1914
3596
1682
5014
2296
1246
3868
8767
453
3603
6094
3317
7351
4225
7661
7377
5667
7864
9432
2593
9551
7271
5091
5967
7975
7133
349
646
9378
7451
8929
9323
4526
2669
8550
9947
6539
2175
2327
9113
1915
2403
991
4552
4026
703
9200
4465
1051
6386
4797
8103
3585
4929
3359
8954
3307
7147
1612
9179
2941
6373
2383
1518
9541
3152
614
2796
7631
8766
4707
1366
6083
6020
9916
9351
2809
8180
897
9397
4301
4651
8586
4779
2847
5083
2594
1182
2849
1941
4009
8242
9117
5252
5101
9040
4182
2252
1814
6107
8781
8954
2086
3253
9459
278
8105
3526
9948
307
3385
4956
8423
4503
6203
7398
1055
1237
9379
5737
3366
890
2647
6998
4816
6942
7920
1499
8777
4972
9664
1072
9593
2285
2273
606
774
3022
3842
2677
3543
1019
1082
8869
2928
5440
3233
5562
9389
2262
3789
6392
7569
8049
7606
8381
170
1151
7532
3840
4193
9445
9094
5510
8817
3054
3961
8148
9047
5071
2929
5786
6913
3297
6966
217
2520
1182
531
2928
479
6784
4793
9644
3422
4361
9648
3950
3152
4449
2520
4012
1766
4749
8782
4345
9590
5935
3371
2786
4137
3662
5640
1328
4465
430
9850
8356
8275
8746
1812
8931
4902
63
8154
9259
5947
2343
8427
1246
6696
2783
1870
3129
5733
1230
9999
2585
7176
4121
3409
9403
9806
8396
6191
5870
64
9772
4156
4328
1324
15
3734
3019
175
3381
6831
3310
1532
3292
3209
3639
8314
6479
6011
8143
8165
3328
7939
799
9217
9956
5311
9149
9270
9687
4699
5178
7901
9003
2195
4781
9035
5814
8490
1378
2250
5927
3878
3719
4736
6977
6080
2689
2218
7759
326
7001
6394
4894
5563
3095
8474
8068
2799
229
3257
9709
1646
7816
5862
4887
8935
8384
3691
2478
8893
6160
9506
9179
7845
8299
7597
3839
7658
2993
3937
748
1190
6321
2952
7019
9936
7603
8071
1009
8725
1198
568
5845
4843
1255
1399
4535
9284
4741
3675
930
5966
7215
9246
3793
677
5295
1439
9687
5311
9544
7437
3981
4487
1551
7996
8347
1062
9449
9236
7384
4228
6750
1126
6629
8889
472
9898
9163
7860
5812
7154
8246
9030
6314
6690
8985
8116
423
1177
2897
3864
7580
4742
5418
6637
9637
4242
7908
3223
6233
1555
2490
378
6010
1541
201
7141
9055
5547
350
1268
9820
8253
1736
8289
3884
6470
4416
2601
6411
2127
4105
8817
4940
8048
9949
8126
4189
4400
431
8820
6013
5703
1448
2333
3321
3158
5246
6169
2807
4709
8801
2879
7679
5744
5507
9923
8230
6620
4577
8667
5045
9306
8410
2053
6917
4347
9407
9526
3147
1098
4172
4705
7777
8699
4841
5982
1543
2621
4449
2723
5850
1784
5604
98
1899
4224
9543
3669
7270
5077
5673
849
1703
9247
66
56
3613
2544
5078
21
8950
9321
1233
1025
4426
1645
6844
7102
7836
4927
436
3198
9227
7586
5992
4145
8009
7799
1272
2916
2758
8670
5010
4077
2401
4299
9685
4620
9788
3078
2707
8436
1195
1341
388
2557
8250
9969
5863
3005
1955
8979
4224
5590
2005
209
5603
2330
8470
6261
9641
7289
7014
4614
2878
6582
3332
9436
3928
6062
7218
39
10
6759
1810
4143
2401
2545
8910
6175
7669
6690
7042
5651
6170
3968
4884
8393
9235
2827
9092
3775
1687
7735
2156
4508
6936
5293
2906
1567
7707
8939
9548
5787
6686
6167
2716
9366
7850
9039
3910
5079
1029
3490
2912
8335
9415
5428
6290
7398
2112
1948
7949
59
1611
4117
1824
826
9097
3736
6296
1336
8879
256
9643
8073
6925
5554
5995
5727
7451
3733
1583
1561
5848
227
1851
6004
5832
9562
991
7372
3641
3923
6796
4064
2349
5295
5411
5912
4911
2441
2470
7433
5445
181
9444
9656
4414
2552
6555
3956
4877
3303
6564
804
3796
6859
6902
8769
4474
418
1190
4216
3671
3168
4987
155
9642
1719
4790
3475
5454
1834
3743
3400
5250
5258
2320
426
9853
7059
7297
4227
2083
3245
7772
1039
1447
633
2656
5929
2524
965
134
2959
1254
9070
5886
6798
8614
516
3544
2581
1709
7642
7809
6938
8172
4119
7922
2018
963
7266
6779
6088
7128
4211
8886
8792
5915
2733
8547
6537
8736
52
8218
3624
5905
3254
5786
7734
2839
3075
8693
4149
1452
8794
2286
1711
830
5701
9537
4934
4991
8177
9383
898
4494
851
1324
6625
2986
7431
4638
2448
9388
1877
1585
9598
1359
9362
5326
5669
5915
5137
4925
9945
8636
7820
1757
1658
3772
9950
3942
8162
3727
2641
7984
6752
7913
3145
9725
3380
7751
3739
9916
3882
6724
7943
3231
8500
1836
5330
3405
8447
5538
9383
1321
4075
5279
3751
7310
7793
1177
1043
3754
1295
1008
4873
9110
5916
5687
247
9922
6926
7747
9558
3082
7477
9909
1526
6611
5552
795
8158
3601
7739
69
524
586
6981
5842
7519
8580
7516
3053
3096
2289
9151
2732
6481
613
4759
8509
6818
9424
9400
8586
8328
5839
6847
8466
4636
1738
9446
2197
1192
3081
219
7615
2882
779
1933
4122
9860
8289
6420
9932
8379
911
8890
9365
4990
1835
6183
9788
1868
392
4954
2093
8180
8688
5638
8233
7481
3791
714
4267
3894
4024
1251
7592
486
9536
4024
2630
1712
9288
2594
65
8026
8888
9634
951
4869
6269
4557
8469
89
5123
9997
6938
3582
9216
3086
9804
428
4215
2600
5746
4122
7533
1065
4805
9656
803
1665
4481
7115
4096
3433
9127
5254
5743
4587
4623
1057
6731
3145
4355
5700
4022
5940
1775
9498
2886
2071
9480
8465
4327
4423
4660
2900
52
3443
6013
4089
4066
579
7775
8614
6946
4943
2405
1066
6112
5654
4612
4984
3022
4041
5933
8776
6082
4441
871
8030
6332
9677
2712
8169
1418
7452
9574
1699
2281
6899
9007
2450
6073
292
2482
5157
8318
3549
9503
2475
7093
559
4756
3104
2096
599
691
4094
1867
5145
2248
7571
3145
245
52
7164
7356
3272
3352
2208
594
8361
4182
8461
5070
3133
9830
2497
1989
400
1534
3208
8101
2466
3513
7911
726
2366
7946
2465
8986
5934
8309
4458
2168
935
5601
6086
9692
4655
9420
8612
954
9352
8603
3484
7523
5723
4186
6091
4566
8177
820
6924
3222
2095
1465
1474
669
2511
4159
4576
70
5669
8981
7119
8286
9776
7951
3044
5261
8926
524
2366
5329
4671
2587
1613
7352
2972
7442
6500
7533
399
3088
2926
6067
2346
1335
1455
6332
7761
766
7326
3258
9432
7346
2725
5717
6226
3639
587
6288
3835
9986
9472
607
3577
8766
7262
7655
4570
5903
7293
1788
3228
2169
4371
7125
5412
491
9638
4939
827
4492
2662
5167
6272
7773
6340
3800
4231
3087
5161
8987
5928
5473
252
14
3469
3666
5248
4940
3985
9667
5442
4688
9779
7192
8988
3614
2404
5956
2952
9197
5340
179
8923
6377
9448
6560
2572
5291
7777
9058
9077
4672
1409
5246
1626
7029
6068
1775
3387
5852
9957
4509
4228
9584
6926
2285
2286
1839
5467
1922
7001
2460
3281
6105
4670
9404
9177
5062
9722
7151
8949
7593
4972
3352
9517
6927
1885
1799
6098
2117
7573
6401
487
6274
8636
7869
4605
8770
3268
2043
2400
9758
2083
6398
4914
1809
5029
9184
7871
5328
6437
3838
8489
1469
2772
9841
8391
8758
7968
57
2469
7325
9373
3691
9337
7751
3260
3515
7625
9861
2648
5760
3773
515
1722
1161
1215
8411
529
6048
7888
8237
855
3097
8848
6137
9153
2358
3439
3356
5237
4537
1958
5212
6111
148
5022
8066
2699
113
9973
7861
3559
5671
2549
9944
3686
8046
8805
1434
8436
1200
1774
4132
2264
4252
9750
8175
9507
3631
8210
3980
9752
8891
5389
2843
3457
252
2302
4564
4462
416
1618
3858
4766
7954
6204
6000
3521
4662
7385
6129
6597
4698
5004
5955
5244
8998
6240
6233
2405
4504
7758
3283
3046
4101
6318
3109
515
9759
6181
7191
4366
8383
7825
9926
6383
7140
1343
8852
568
2597
9659
5294
9770
5933
1231
4880
6321
4688
9248
4481
6555
34
4518
4579
9403
7403
2211
3797
7411
7435
8395
5383
4435
3713
952
3819
8082
3467
818
3396
6495
7584
3777
9600
8470
6603
27
8450
3120
129
8641
8556
270
8101
6670
5598
5631
3692
8129
9165
5381
9283
6412
7449
3302
8891
4764
6168
9808
2731
3354
4261
6318
2165
8256
408
301
6196
7126
1210
6008
3871
8783
4009
3431
507
9008
4747
3335
9451
2907
4012
9357
5271
4923
2456
9112
8728
1236
180
4991
8641
5661
3323
1929
861
9419
5098
3796
9966
7174
7845
2254
4996
6587
7253
1945
6582
6313
9871
3698
9154
7837
250
3058
8559
9836
4612
4917
2402
9862
3837
6258
7674
7055
9710
8120
7834
1323
4885
4757
9414
8967
8809
2671
6412
2078
9009
4713
9287
9220
9511
4754
4192
7851
5978
6577
7231
4771
153
6580
7998
9459
4587
3648
6425
6581
2316
1108
7056
8193
5143
5087
5264
3196
8467
771
642
1444
255
3091
3815
2585
6664
1162
4284
5197
7055
6465
8522
55
6729
3173
9551
2477
6547
5323
1464
2626
4808
9563
4972
9350
8232
4135
2943
2697
5723
4414
8117
2595
673
2850
8700
6358
5044
6481
1394
5629
1168
8325
5545
4213
5285
9883
6585
1801
201
783
1687
5044
3136
8130
5668
6647
8813
2529
558
5185
7158
9959
7965
3221
9593
8645
9416
8950
7842
7950
6148
7082
4410
1896
6522
7967
4447
3403
6155
62
4590
6577
3171
9771
5545
3457
8539
4398
1676
8517
9375
8509
2667
8913
1303
1345
9445
973
4480
3102
8982
3757
6748
855
346
8642
6509
724
7408
9842
7387
1441
2017
4516
6528
5945
5081
2719
8451
1809
2057
6801
6802
8387
3589
7083
7028
8383
1704
5637
4060
4255
6888
2819
391
5297
1591
1840
1630
9577
1314
5118
8523
5978
5241
2386
6754
5526
4606
4643
8407
7913
8466
9878
1858
8657
3343
6226
109
4699
5337
5712
1074
1418
734
7057
7182
1980
3880
9168
5800
793
9145
7863
6454
6376
7174
7163
5591
5417
4302
3037
4719
8998
8006
1879
3161
4016
567
8199
2374
7663
7750
6001
4796
539
9213
6168
6551
4392
2639
7791
9957
3812
4101
4822
8771
7309
3079
723
6372
2077
1685
2808
4666
8541
4194
4902
9402
5268
4748
1608
5807
2205
8238
5
6959
374
1792
4906
6170
9107
2058
1952
3788
7738
6490
8752
8297
7229
5268
8055
1380
8648
4113
8496
6666
9638
7288
7856
2322
7066
4358
963
8334
3875
3927
9382
358
852
2473
2850
3369
9475
6665
3058
9960
333
3107
8825
134
2673
296
7978
1698
4568
3795
5294
2940
9936
7103
7793
2196
8156
7489
8323
2117
4397
8228
5913
9954
3949
6050
6687
9050
1800
5397
2267
847
9514
9125
3526
1202
5065
8662
6347
9566
7693
5304
2573
4675
9067
8338
3750
5804
4123
4988
7448
4343
9726
1778
5958
6478
7057
6874
4983
4105
4023
8170
5580
7760
7344
2475
6056
2279
32
7006
1774
3230
8915
5582
9912
9696
8577
8398
3086
6918
2633
6092
453
518
607
5892
7429
2532
8849
109
5458
8332
6902
4956
1423
2672
6528
733
2227
2544
9200
2804
3832
4302
9283
6454
5619
2627
4356
7714
319
9272
1178
6563
6954
253
5628
8506
9244
1196
7652
5492
4764
1848
7696
7351
739
2452
9407
504
871
6616
4509
1566
3776
7605
9619
9636
7758
7561
1576
2566
8464
2048
7322
9320
5718
5561
6781
2629
3296
7131
2316
3595
758
9011
6343
2650
9576
5587
9453
9307
6732
4096
5015
6534
7751
3536
2641
4243
7673
3222
2115
405
2871
7850
1441
7579
8818
1643
7513
7286
8910
178
5580
4581
7281
4829
4147
417
4172
1417
5258
9961
5872
1610
6197
879
2507
2911
7578
6804
6018
633
4495
7678
7565
3183
1970
482
8279
182
3288
968
9812
1469
9944
9469
1428
3882
4955
1561
8545
1858
7036
7467
3568
7346
1768
2399
3610
4324
7294
3765
1276
3283
6309
147
4079
1434
3149
1235
5232
5133
4641
7579
3589
2023
6038
3887
3327
1734
8840
9903
4580
5635
5612
8395
4715
8097
7975
713
6156
3998
7901
6505
788
9791
9155
5712
2798
8346
5261
7744
1560
1013
2735
4880
3651
3856
3488
4340
8415
8851
8283
6252
4620
5008
3917
2768
6723
8804
410
6964
7986
8140
884
8841
4280
9074
6069
9733
6792
1
7384
5746
4052
3695
7418
5441
3695
3578
4291
6961
2210
7017
6855
4977
6547
4999
982
8448
4923
4593
3315
6011
5396
7794
7716
7039
9883
8010
1451
2856
8155
3298
2627
4445
1052
3695
7779
86
4668
8504
8679
8778
7591
8247
397
3078
1378
5127
8435
8016
460
5320
1391
1129
1348
6192
6981
2328
2664
1608
3505
1328
6847
8928
5881
4652
1610
1968
5204
3840
4231
5251
3490
1469
4567
6209
705
1758
3347
3626
9489
8166
701
2608
4100
1204
6190
8612
3988
5902
5649
5672
9163
9828
2024
6856
4060
9409
7132
8193
8936
4377
8717
844
3037
7626
2561
134
1707
499
2496
4185
443
1579
2128
9393
2478
434
862
4730
2896
6436
3346
1967
1521
6780
5884
4298
8844
7135
5529
1569
4127
2966
7601
6321
2476
9509
5177
1236
8148
3627
9760
5169
4672
1316
5745
1959
8434
524
2611
3470
1329
95
7776
5882
9769
2184
9999
6200
1926
7254
7872
4103
2399
7920
459
2834
3679
312
7481
1626
6772
9392
4558
1348
9122
7699
4975
4485
6565
5380
3206
362
7495
3040
6993
6603
1622
7932
4156
8216
2756
8332
7535
6405
4897
542
6429
254
3598
7918
5772
5728
1
1535
4880
8129
3306
7695
6058
6081
8455
8314
9648
7395
9809
6442
6112
9775
8255
633
7694
2186
8780
8710
1852
5972
7848
3574
6177
8274
5137
1163
9863
4197
2118
3365
9874
8283
794
6804
959
332
9487
1733
7384
5368
9008
3989
835
2664
1731
6936
3343
4119
8192
9641
6265
7987
617
2141
6362
12
523
8590
7850
331
7949
4325
4934
1172
3210
3442
2761
7340
8147
9344
6021
8744
2772
1898
3474
1831
4934
1348
3558
4663
5172
925
974
8603
6262
7201
6591
8118
7169
9715
3394
8994
4044
9069
9289
4480
6728
5825
3566
8259
7830
844
7538
3006
2843
1422
1478
3294
4001
6563
9362
2092
7633
9040
88
741
4594
1493
8891
3370
6051
8783
5489
8023
2359
9034
6089
8437
1062
1355
4902
2346
1151
9122
6996
4508
4645
3862
8460
5192
3252
6279
1682
7779
7465
7783
3273
2373
7730
7980
9665
5786
2569
1029
744
2152
6438
6510
4996
2554
962
8503
615
6490
6747
9956
5757
2831
9401
8077
7718
2954
2625
521
5185
4178
3277
1398
9908
7321
8154
802
4159
8222
9924
1437
8156
9423
93
1213
7268
4847
209
1197
2275
7265
8584
4207
7192
5633
8753
493
8264
6965
7603
3465
4617
5300
5645
216
5729
8542
9269
8718
3423
2477
4982
6001
6383
103
8589
9359
3350
3568
8108
5703
7075
5462
7766
2519
4895
6006
1884
7610
3349
2731
1650
3759
3644
9692
4851
8786
1985
3923
8456
1057
3774
7899
6643
5482
3523
8103
2322
5236
2960
1429
8483
14
8230
3134
6841
2518
3398
2326
5131
1017
1486
3544
1141
7347
6183
5917
1134
6512
7082
4568
2630
6162
8759
2483
6715
1673
9389
4890
3001
5272
7677
2337
1169
5729
7878
3136
6607
8504
1381
610
4111
4898
9979
5651
2792
2789
249
531
7427
788
741
5594
6298
2342
3621
6480
3276
6154
280
5905
2334
4613
6032
617
6009
2444
2481
1168
5418
3652
7385
9369
8335
6045
944
5916
3595
9082
4284
8563
4604
2632
642
9417
2115
1315
2255
8498
6551
1552
6263
9479
3203
6192
1092
2746
9348
4632
727
313
993
4710
8029
6958
8330
6362
9841
1991
3244
5989
6000
6490
9228
4820
1577
1548
3937
4155
6678
4105
7273
5303
943
8249
3351
2304
547
1574
3024
1032
3926
8078
4718
9194
8717
1434
5257
7881
6491
4977
9075
6852
3716
7720
3788
2522
7102
8879
2386
9743
8987
6933
7560
5913
3741
3074
1561
8673
9304
3059
5864
6529
8914
5940
8460
5085
6855
2907
3029
269
8608
4593
3491
3923
197
569
9447
6436
3683
478
2898
5712
5824
2284
4278
1712
4670
9449
6339
1029
4569
5495
7680
6541
3453
1381
3865
3028
7562
8394
2934
838
7822
6842
3895
6180
8987
8739
1290
8423
7352
877
6283
1894
5340
3228
4914
2120
1607
6424
7094
4180
3436
1235
5762
3907
4130
2431
4173
1029
1885
9172
749
7053
8203
4176
5122
9651
3254
4294
6058
9642
2851
5865
1784
6266
6654
9214
5941
1402
73
8021
7821
3583
2979
927
3868
8266
6758
4711
8517
1652
7510
634
6364
1547
7288
8161
4374
240
7122
3145
2403
1184
5290
780
2630
3403
1821
7165
3695
4933
5505
7143
3284
9415
2834
237
3725
7944
9276
971
8736
1714
1973
4637
5897
9624
9609
4646
8644
9041
9511
3022
3624
7210
4288
1296
4094
5417
291
5089
7733
7952
8031
1999
7692
3147
291
9079
9020
4342
7152
3135
8679
4488
8379
4364
6317
9274
2713
1427
4656
170
479
3955
2917
579
634
6718
4051
5412
5873
8179
6712
6826
9749
5015
5889
6617
7879
3345
1891
8816
1279
6836
6008
4394
3608
1670
2559
3680
5690
8413
1291
1080
50
1255
1115
990
5427
5772
6031
3425
6199
7415
6753
2806
4500
4250
7027
3600
3458
9133
1928
2064
8379
8464
6513
4199
9033
6936
7148
6228
199
292
4522
5387
9562
987
6935
5613
1736
4894
4782
4878
4684
672
2312
8291
143
7313
755
3883
2801
9473
7660
6011
3901
4700
911
4714
3730
1430
2312
8020
3993
1699
4841
8190
5499
7956
9719
2223
8743
9022
4318
1521
4993
6318
9547
5586
3330
7779
5896
9834
4687
3558
554
8193
7424
4564
4155
6994
191
2150
4608
7877
6944
4878
7197
3895
5832
6176
4682
4838
8396
4891
8484
4885
8001
9324
2190
8160
6783
4105
1630
5477
8488
8474
1508
8642
554
3950
7243
7029
2540
9185
2035
4856
9569
9854
3423
6538
8855
1858
653
1851
4561
6817
4006
2223
1256
9861
9916
4408
9071
1047
1176
8064
4255
3423
9843
9271
7328
2671
1523
2948
7240
5568
3658
3256
4053
7091
7170
2603
4522
8881
320
6666
4669
4994
6054
4960
944
4407
9207
3910
6879
3573
7974
2143
5306
6459
4802
5759
7111
3998
5497
4712
6314
9625
1724
128
7780
2667
1336
6349
8288
6777
2976
832
3871
6280
6292
9643
6348
9353
6730
6192
9792
3283
4365
6140
3315
3708
9537
1934
9999
6702
4131
6312
3050
9831
6283
5286
9352
5931
8001
7631
7445
1204
9759
9680
1683
7494
3440
1383
6815
7099
5197
1982
7562
7321
2774
1418
5902
1105
7610
6661
4718
9593
663
467
218
2167
2304
3815
7116
9678
856
2220
9959
6927
1402
453
1141
1200
6327
9807
1218
4665
1742
6973
9890
9795
9392
3862
6716
8617
1984
3224
9026
8566
904
5822
782
9967
9298
1081
194
2806
136
4628
5810
3297
8471
2947
449
4005
9451
7501
9916
4791
8782
8085
8697
5689
357
7944
8025
6973
6515
1211
2611
6135
50
6643
1114
6277
3438
244
2003
5491
51
3429
828
2229
4113
2640
7129
7344
1031
960
9220
9540
7396
2219
2902
7283
433
3294
5807
6892
9953
901
2492
3481
1986
5017
6704
8704
2171
2263
6282
6845
8718
9083
3034
8679
9300
6330
4674
776
3569
4036
8355
6405
3185
7519
5698
3067
4197
3778
7333
813
2427
145
921
4987
1093
5546
378
6775
1345
8409
5618
5087
594
4253
1472
3625
571
270
1694
7770
6903
3883
8922
6907
4646
7135
4322
9154
9717
9069
1258
7123
4446
3756
5782
5282
6555
2547
3005
1785
4824
5274
2472
209
1403
6635
7554
9545
279
802
3572
4002
3766
9405
6863
7703
4040
5478
2338
3203
4735
8713
207
6884
8393
5387
3492
8784
9167
9749
6712
9153
6609
2279
2701
9137
5573
4274
8892
8392
9331
7490
6610
8139
7838
2204
6922
4190
762
6984
4407
829
5348
8709
5866
3062
2513
1923
4402
1736
637
2489
601
3277
5455
1687
1590
3404
6165
3389
5640
2079
2436
8757
4681
5137
4310
27
9606
6604
7208
7369
3564
4521
7188
578
6565
2259
7414
359
694
6752
5399
2409
8955
4884
1992
1111
2370
9312
7307
8696
9329
5452
5850
20
8379
2027
2935
2711
655
8626
7147
7395
994
5060
9107
2935
7371
8936
5058
7192
6787
9854
4916
4657
1955
886
8345
8522
7246
596
9119
6227
4207
1771
7614
4323
6670
6209
3584
636
2996
8489
6588
9122
8306
5430
9358
5562
2672
2145
254
298
2231
16
4484
7577
8893
6734
249
9764
927
3597
5155
8657
1075
686
305
5473
1041
6240
4310
5665
1213
2574
7148
4675
2311
7241
4274
5979
1268
4757
4657
3322
7114
1202
2546
4915
3883
1269
1672
8556
6643
4920
2325
3120
3627
8721
6277
3675
2154
5128
1894
4597
8504
1521
1926
7500
2293
9638
9453
8519
3955
5190
3256
2562
9957
6912
2491
510
4077
4078
1934
9010
4677
1605
3331
1539
7286
2246
5403
3664
8990
6122
4912
5110
6150
8827
3868
6124
9789
722
3435
5897
3617
1639
3372
6353
8118
7217
6967
5492
374
5347
5324
635
3389
3792
1602
3441
543
2960
5325
5345
507
1002
9283
4214
5473
1953
6636
417
863
1463
3889
3284
7813
8800
6150
6950
688
8303
4681
7983
633
8211
3221
5849
2739
9887
8716
1284
8795
5868
4193
6923
9784
872
6332
9190
2300
5927
7979
347
878
2118
6293
4880
3861
7104
555
4917
3898
4514
9713
5290
5392
3615
8712
9989
315
4227
4344
8277
680
9758
5910
539
674
9448
3343
1045
3929
9444
5602
7246
1776
1147
5114
2985
6431
4445
9867
6008
9013
2889
3317
8605
6074
7659
3711
3818
9856
7247
8670
8704
6922
183
7878
408
6957
8854
6618
455
8588
3475
5534
7565
1853
6627
7488
9570
7631
403
671
553
2737
205
8229
200
5701
1458
8580
8540
2280
8145
7330
743
1659
4936
1240
3447
3984
7906
7029
6214
7397
2367
2998
9134
8030
168
9409
353
9593
2979
4356
5344
109
2518
5476
3128
2111
3491
4245
3306
9209
50
8843
1793
6290
2032
3628
2417
2835
2911
8083
6180
8838
7447
5781
9927
633
3334
4401
1369
9565
7819
1104
8019
9908
7206
3681
3414
3666
4460
6819
5222
8991
7687
4537
6293
5807
182
4402
1553
6961
950
6470
724
5710
3125
100
9313
667
6553
4709
8040
7494
9947
6389
3943
2550
7505
866
4760
7469
4637
4718
1864
5230
7542
990
6044
7635
1776
2396
4701
1343
5675
5125
8675
4595
5501
8974
1825
9590
535
4972
6752
6118
7988
9969
5601
490
9554
8766
5736
74
3721
8281
6284
7809
528
4953
3032
2972
8359
6164
5952
4137
5599
8781
5770
7822
3463
3093
3413
1590
189
8412
8925
3551
900
7379
4475
1123
1935
9631
9479
699
3193
1890
4521
6416
7153
784
4754
622
8610
6724
2777
825
4883
2031
5597
7928
2295
4186
207
8361
1038
5511
7584
8373
7204
3929
5433
2181
7715
5532
5894
6940
1165
8589
5611
6567
5186
386
2032
3336
8822
2797
1661
866
6633
9879
3047
4622
9778
891
9775
6376
8137
5193
6432
7217
6709
1192
3610
9639
8984
170
6346
2986
9738
7202
4095
8136
9820
5627
9344
6651
5877
8560
6239
6848
8687
798
260
4248
4796
7122
4884
6664
7484
8508
1424
4857
4740
6004
3800
8109
3900
3181
858
326
4854
1952
5031
6377
6340
3282
7639
224
2727
3882
7929
6135
1905
2289
5071
1746
8436
2942
9762
7085
9943
4812
4838
6795
8872
1955
2331
3745
6226
6946
7813
968
8647
4582
1504
5450
5290
2460
9667
1675
6375
7071
9070
5021
966
8936
1955
5118
7595
7929
8851
7106
7654
450
1846
4350
8151
3385
1459
9643
7376
5891
6145
3147
4301
8974
4632
4447
137
4535
7791
2920
8346
121
8553
5377
7651
2964
5481
2389
1080
7047
8074
5075
2953
9935
9589
2246
4831
1875
6245
3738
950
8300
41
9543
3400
8265
6079
5917
7438
5580
4321
9012
7675
6451
9958
3805
6641
7291
6254
1068
8216
9013
8591
7999
9785
9631
8746
8700
8595
5245
3946
9209
9779
619
6135
7989
5784
4470
3068
6891
9507
1297
4326
9478
6378
1155
2189
3283
3803
1092
9363
116
9945
7169
3059
3815
7623
3937
7610
8007
3286
9046
5896
7375
5466
4264
3209
4686
1898
599
5881
2410
9579
4451
964
2156
7433
3740
2606
7324
6986
7849
5328
4405
2433
2848
4393
6171
7882
3964
8657
5633
6139
554
1891
3100
426
4923
4386
9917
7654
5277
7878
1545
9476
4797
3298
9534
5260
3374
2663
6616
9305
5911
3551
1680
3171
1245
7024
1695
2834
8722
7620
5799
9503
5265
7077
2689
2426
4370
1829
6258
1774
9863
8004
5927
9777
1516
6623
7588
8699
6629
6042
8181
4939
1552
8257
2025
9579
9788
662
9778
7027
8795
5061
1569
5075
5889
1330
4291
1628
4766
3941
9291
5652
8067
5796
773
2478
8145
5287
7119
6485
7726
9287
7021
7420
4522
6948
9826
112
9002
6551
4842
1199
2531
443
7441
627
3844
1145
798
129
5468
5057
819
5704
8073
8898
8406
6163
8
8010
7593
5232
1279
4938
269
420
6111
1345
8231
7859
5884
6233
1120
8696
4714
8701
4431
9233
3248
4018
5247
4002
2334
7645
4576
8221
7157
3064
4286
3666
4151
5712
3473
9907
7537
7169
3839
1047
9699
837
6113
6652
9766
2805
9928
4385
7756
9319
7665
999
7419
5331
8720
7837
9533
7003
4443
6723
8803
4674
5532
2242
1767
1831
3067
6813
130
9917
1581
5635
3817
8428
7536
9665
690
4683
9446
6071
5369
7895
6461
7291
7862
7738
741
1784
3847
8455
5158
1814
2326
5741
1950
6228
3135
5146
9856
9061
6314
7524
6922
8033
7702
9188
3717
519
274
1853
6987
8415
8753
219
6923
7464
5769
3051
2183
1089
1482
7050
5529
3534
4989
1421
9556
2211
5046
5101
6336
4555
9715
7867
7026
396
9354
1192
7487
6886
5082
4642
3776
9348
5276
8844
7027
8089
6008
6621
662
8141
7372
9755
4151
6213
6624
21
6603
6696
740
9625
358
6469
5569
7992
9439
6481
6093
8977
253
6591
2491
4969
2224
8988
9655
2157
4206
4684
3621
4224
8441
7009
6985
159
7612
5824
6748
5515
2105
6267
2331
5456
3962
6220
8471
2254
1241
7431
7614
9481
1465
6219
9065
110
5705
1055
7636
5952
5442
5941
2819
1449
2829
484
632
5666
1213
9837
4186
2543
6862
259
5745
962
4717
8956
2618
2945
695
70
1545
496
578
2215
1419
8952
830
6789
2181
7502
9851
454
8470
5579
9083
9622
274
7189
2177
9572
9186
3934
6990
5920
8147
1464
9559
1526
4553
3434
1401
7694
1504
1612
1510
4488
9591
762
2223
1363
2143
2132
3773
5949
100
9976
5806
5781
8824
1358
5361
5055
8043
703
9941
6078
7876
7059
1128
2963
8407
3800
8941
3360
7654
7666
9611
2515
2910
6436
9794
2801
3453
2290
8358
1010
8385
970
2848
5165
1961
5203
1472
2366
214
4570
3029
9307
6873
2940
6606
7462
3647
8967
35
5680
9763
4687
1123
3947
8365
2267
8519
3395
2798
9121
9654
9312
4141
7236
1710
5866
2428
3365
7777
3500
7937
2965
4458
2596
5619
2222
9056
9858
5315
9336
4185
7110
2755
8347
5143
5709
1477
6202
713
3618
3806
6538
1197
6345
9824
1688
8437
7402
6847
7784
1319
8714
8356
6541
6846
6507
557
1258
1257
3603
6778
3926
7834
4740
4774
4905
8086
7603
9663
6599
803
8542
5724
7794
9097
8644
3523
5855
9027
2759
5020
9899
4626
1382
8132
9179
3252
2851
4034
7469
2048
1247
4969
6002
1007
3588
7732
4655
648
8416
8111
3493
2607
6756
4601
4555
9626
5518
5450
6774
7324
2932
1738
5346
3928
5353
569
503
5697
4847
6724
9660
5156
7417
8130
1215
6469
2387
374
7874
7269
4519
8143
2349
9110
1777
6972
8472
9308
3279
6939
6367
5423
3969
1086
1156
9867
4798
5226
887
6195
9790
2565
847
546
4292
6059
8232
1370
1882
3829
3269
8097
974
8089
325
4734
5970
6037
5255
7502
1969
1938
3331
6570
6506
3251
5448
710
6568
46
8964
273
4219
6190
3574
8248
9584
2852
1875
1399
5615
9670
8925
3447
5134
6655
5034
119
6963
342
1240
1496
4591
1002
7522
558
7814
3831
9633
8063
5045
5964
1639
3001
1580
2856
7741
4702
7017
2148
8754
7433
3218
467
5751
769
2748
8789
5800
9395
6562
4964
2469
4091
8834
7789
6838
1634
6337
5635
3105
5085
9498
4036
6596
7515
2393
878
922
1592
9303
4873
5401
4686
6206
2848
3425
4109
6568
4056
7417
9961
2168
5190
6256
3689
1303
8055
6603
8894
8731
2996
443
7198
3935
5051
7307
6042
6920
6560
1189
7185
3624
9485
8907
4363
6265
3052
8849
6068
7446
7502
6415
4754
693
2697
5260
6882
4249
1145
1457
9188
9411
8574
1103
5302
9456
1653
546
3428
327
1626
2435
172
9607
4716
55
7806
6047
4988
7087
2272
7943
3024
9813
7033
4977
4240
4063
3542
4798
3990
9736
2515
2586
2667
1620
1485
9106
2963
6394
3159
354
3152
2193
5999
9805
4818
8953
3149
2455
791
4818
8329
8429
9242
6382
7647
2701
2826
8233
4402
6674
7599
355
9928
6804
5010
306
7243
5231
1691
751
5893
7480
6000
1964
5712
2674
7306
3173
4463
2440
3877
6283
9295
5688
7866
405
4813
7805
1401
5905
1153
4434
6055
2201
3932
1990
9089
4440
4182
9332
3763
346
476
7586
7744
32
7292
8054
3205
8384
3412
1289
4502
1729
1635
4024
4564
7934
6394
4407
9028
1846
9025
194
8008
6008
1385
8991
8945
9975
7243
4412
433
248
7479
7126
6109
6793
9489
5143
9789
1485
3399
3416
7818
8358
7689
8858
2334
5553
4668
3211
9574
4035
1877
2857
670
8749
8900
1612
8480
3728
403
9839
2908
3870
5211
789
8896
2574
8169
2981
5829
6242
6220
5654
4428
3778
2629
2838
7371
1638
3612
432
2884
2728
9785
9842
6307
516
741
1161
3263
8078
4898
8692
9465
5488
8255
1666
6417
7955
5142
3423
9338
1422
1211
3046
3446
1944
3929
4439
7437
113
8670
9206
8469
2033
9131
1311
1236
3910
9230
3488
4840
8169
9930
7619
5068
5241
8487
3918
6426
6591
9507
6622
7810
1427
6900
7134
8049
1607
3323
9068
2729
6712
9031
3508
1685
3985
5190
6902
7319
5919
7639
8526
7536
1601
5880
9185
3490
6649
8603
7939
1552
536
1486
9006
970
9430
5158
6753
3538
7266
1270
2668
9251
7740
2406
4569
2416
5113
7216
4952
5953
2308
5599
2334
7765
629
25
6735
1931
6616
8148
8024
9227
8066
8764
3754
6014
3009
7848
1321
7892
2609
3916
7818
4680
1332
2301
9790
6252
5517
6034
4229
4569
4503
6995
1635
5837
6861
4746
1736
8139
7947
2033
2536
4123
3997
5326
3780
5355
2283
5977
6628
4827
6463
2557
2341
6737
1211
7793
4160
8176
438
4123
8160
5624
8974
367
862
261
8456
8246
3641
25
4349
1569
6567
3078
2512
2795
7206
6869
545
1344
3130
9350
1242
5603
404
4053
2949
5807
4169
8741
4330
8209
1558
8097
9120
1813
1691
4556
9820
7756
2235
7785
7949
7989
7112
2531
2481
4268
5344
6634
7396
695
6738
5816
3893
3038
6126
9545
2728
5888
4229
2755
7433
4348
9852
1478
9656
385
5089
6555
3804
5256
2492
8519
9299
8472
726
8453
5281
659
3171
4179
4385
2366
2110
8487
9343
3387
9675
6278
8599
7482
5585
461
4845
5518
815
2269
3494
5994
5854
211
6398
5680
1929
3351
9886
4670
3698
8779
5124
9532
2314
225
3136
5441
8442
4587
6450
3175
5878
5837
4238
9703
7733
1218
8096
1704
8794
2973
1132
9808
9653
9907
3935
7636
456
7046
7146
3732
4713
8339
1875
6440
6521
6931
5991
1398
7758
9857
6443
8894
5319
9196
5215
3619
2337
9684
9217
2487
1434
3591
2536
7153
2565
7260
2781
6613
2734
131
1966
1834
17
6290
6375
8765
9644
638
9136
8259
5702
6615
3877
1461
7948
89
7742
7016
9644
4497
7313
2132
8914
5614
1526
2912
3120
426
1539
698
3026
3510
8703
196
1085
6046
8263
2052
6116
7113
8244
7245
4828
4311
73
3184
9179
876
9942
1683
7400
9458
7639
7177
5667
8520
2659
9427
6846
5911
5740
8788
2551
5592
7685
3617
4789
7712
6300
8851
3931
9290
6605
1920
394
2582
9074
7225
8497
912
5605
3183
2266
7208
3167
6518
4614
8764
616
6901
3303
2875
5045
1300
9335
1899
227
1492
6059
3016
1190
53
120
7522
5762
9847
8649
6812
6082
9563
563
7421
447
3126
3734
5418
8663
3999
3893
1277
2086
6292
5625
9940
2939
3388
570
7195
6139
1343
3052
2738
900
8727
8733
2315
8645
6735
7626
6186
8415
3454
8811
8860
874
3951
544
5462
7254
3500
6084
3457
149
4722
2567
4493
8929
653
7464
98
3734
4842
4819
6644
8489
6460
1312
9580
5207
3089
432
4249
8946
6397
1560
788
5234
6195
9597
3603
9506
6524
9939
1662
1165
3370
3039
4499
3246
7357
2594
203
2340
6337
1468
5914
2422
2194
9876
8375
558
3365
1042
1959
2058
9597
609
4242
7587
8272
7377
4676
4992
2284
4612
209
4153
7878
3151
2801
4034
7137
9760
7702
7308
3876
6834
8080
9397
3561
2395
1146
5600
7614
2586
3247
2083
9924
2349
6595
3954
8748
3859
8264
6367
295
6384
2862
2681
1246
5751
3931
7053
6216
6341
5497
7524
2735
3640
4452
9669
728
772
6476
163
5639
8142
3072
4259
4382
1358
4937
1087
1114
8932
7387
5938
5456
7896
6832
9248
9239
2471
3416
7874
9116
8145
3828
5416
1441
1168
51
4865
2726
1317
4326
8636
3637
4028
7980
8166
7065
6513
1935
7719
1065
1312
9677
4736
5643
9876
9267
2170
8281
8262
9582
6579
6871
6764
7384
9467
300
5422
6043
8316
6295
7730
3779
8106
3360
5591
9156
3683
8627
9586
4207
8332
6273
9956
1065
4094
1793
5363
6246
4963
5857
8439
7863
4955
7743
9428
4928
9221
2420
1793
4668
7871
7219
6575
3288
8991
3756
5499
7985
9430
8238
6353
3189
9412
8662
7984
1958
9710
496
6443
4279
8229
3418
8222
7610
6192
430
1359
1413
2796
7235
231
6672
1224
4164
5264
3413
8174
5124
4532
4107
3718
8053
193
8506
8212
9186
9089
5924
8227
9077
3472
4293
4042
1775
4773
1391
7080
9782
622
2601
6892
6535
2901
1239
3732
5014
2531
2073
4639
5764
4873
5973
7993
171
8196
3838
4006
5101
6454
873
6301
3192
6807
8130
2829
9004
1743
6804
2711
5012
5480
2185
9302
2989
4361
8425
8745
5713
1413
2284
7606
1127
5899
3903
2786
6098
9763
5294
1856
9745
4173
2737
2176
6908
1034
7544
2761
842
6309
780
3668
411
4249
1405
3919
1170
4217
4084
418
1602
4726
2408
7163
5464
2472
5642
6161
8713
7713
2276
8867
4806
1160
1652
9754
5294
1695
5690
1630
3594
8716
6392
5729
8560
7649
1168
8251
1079
2296
7306
9041
1252
3047
8894
7406
5979
5729
4416
4658
6727
1882
852
2949
5107
7569
643
5168
9513
4520
1121
1241
9525
4316
2158
2062
6043
3660
6670
3424
4175
6311
344
8861
2809
5189
1521
2068
9478
6376
9489
6745
1648
5228
9623
4076
5872
3712
6801
5854
4400
7152
4281
4290
4768
8113
3854
7919
1657
4872
4509
6699
1895
2022
1048
8397
2826
1183
1147
2658
1519
474
9221
8763
7244
2440
8092
8044
2509
1469
4968
2125
8562
3377
6499
3756
9720
1804
8812
7841
7131
8343
2311
6475
6683
5910
7797
3272
7605
7753
9949
9092
8063
7737
6623
3372
1505
1032
7535
2734
2879
8209
3915
1242
6957
9853
1487
4780
1944
3313
2735
5347
334
7949
845
9803
5514
337
6927
1529
7033
6298
4167
2833
9625
2315
7414
502
1107
4955
4368
6870
2078
3204
5029
3986
5983
5337
9328
9052
1568
8841
8998
5138
988
9238
8641
2395
5921
1214
2668
1453
919
3366
9352
2520
7922
6093
578
797
8374
694
6019
1278
9705
6547
3489
3729
1070
2417
2973
1695
9187
7402
459
7787
8883
6786
9115
1132
4517
8167
9571
1898
7835
3637
8106
2106
5027
4474
1420
1562
741
5877
9293
2650
9645
563
1952
8009
6765
1734
7236
652
6263
7864
3759
6946
4591
4047
182
9078
8024
7204
7443
5104
6449
5400
328
1495
5016
4677
7124
5215
2716
375
1245
9796
2338
3732
6731
2601
9320
8717
289
8567
8024
8494
6138
9033
2674
5709
6377
2985
6795
5878
8775
2024
9369
8531
5959
9669
8120
6525
4809
228
346
9906
2547
2411
9558
7100
6482
8090
1781
2810
7652
7174
8868
8992
4733
5435
7402
2548
3476
3303
844
956
8679
143
9476
4972
223
333
7376
5734
2083
4578
8177
2139
3358
2332
1688
3196
3378
8942
1574
9196
8690
4179
258
5039
8388
7207
963
8777
5614
6695
8367
8584
7315
3800
8764
1707
1376
40
7775
9707
104
1693
8716
5299
1693
7297
7494
7449
6797
5075
594
3033
5608
2644
1127
5335
1965
2264
4175
1907
4903
1040
6769
6954
4823
7013
9676
6247
944
8834
7917
5827
9134
8900
4397
9268
4291
7207
6400
2104
9501
5937
7795
6176
4943
2875
776
1138
3141
5080
9704
5093
3553
2949
6188
1468
8756
8799
8946
4600
6474
3377
4155
2240
6598
8373
2044
9190
9987
2882
3268
2637
6319
7071
4273
6410
1560
6804
4276
8311
1723
8888
7770
1993
8489
7770
5526
2404
4013
997
3932
1757
6772
2593
7251
1156
7636
576
9829
1572
5578
7325
5668
6671
5326
9191
859
9173
5145
4874
366
1855
1453
376
4366
4117
8471
2098
965
5085
5269
8591
1458
4666
9650
5792
1523
4633
8165
218
6742
2893
4192
9479
3654
5395
1528
9756
8203
1793
9197
5426
1855
2958
4310
6881
1966
685
3717
8790
7003
2543
1904
2530
9149
7712
2172
3315
6497
2869
432
4692
4546
703
6162
489
2043
7474
3041
7039
9364
207
2527
6582
8525
8528
7324
6090
2742
977
8014
4468
9968
683
5441
5054
9269
695
3395
9661
1058
4997
1071
5028
2247
7225
2390
2459
5188
5472
9774
6699
4898
8198
3250
628
2525
3242
1874
8236
4272
9190
3345
9533
4055
5953
9470
7512
5062
9309
9612
9127
96
2371
1663
9336
3053
5465
217
9713
4252
4762
4609
857
444
9118
5278
904
6277
4082
5503
798
7761
1787
7004
674
9842
5508
2088
688
9587
8122
2102
3939
3664
4360
1788
8759
3838
7810
1794
2557
6986
4946
7087
9664
6814
116
7313
1182
2874
7377
6221
5690
8743
7354
1216
5876
5321
9876
822
7619
7054
6051
7368
4889
8622
6639
4585
5913
7105
7132
4949
3534
4
3770
9583
5377
2581
8874
4346
7558
8981
8344
9309
8970
303
8951
5256
1932
9420
8124
67
8924
6669
4343
9884
4470
2789
1978
4807
5842
5448
394
6560
6188
3556
3538
5994
8929
9164
2824
1646
2829
234
3130
6629
3026
8787
8971
68
4452
8032
5523
1017
618
8964
7054
7339
2508
1594
3536
9378
9458
8516
4753
8419
6323
8807
31
2917
9000
8419
888
1258
3386
9144
3351
8432
1283
2012
6484
5385
372
2537
3717
4091
4440
4640
4024
8382
4301
7228
648
449
9492
2474
6161
5604
5761
7609
3922
3330
3593
2725
7697
995
8592
5494
3137
7661
5393
9982
7100
9349
2965
828
3387
3874
675
5901
6360
2863
1250
291
7120
957
8943
1969
472
7347
8602
4778
4691
2776
4104
7573
328
5932
2669
9238
8668
6758
4934
8102
5317
626
9351
839
9417
6539
3474
297
4412
4581
3996
3945
2019
2678
2021
4590
7041
406
9986
2872
7042
8046
1894
6655
7524
2401
9085
5907
217
6974
9611
2888
9377
3030
503
6567
8559
9785
8675
7057
8253
6524
8053
562
2962
6788
7598
7833
4833
4931
7350
9459
9818
8355
7362
9447
1430
4485
7436
4505
6694
173
3950
181
8616
2640
3762
6600
9601
5267
4130
5929
655
8619
1945
878
1907
6914
5152
8563
1024
2833
4191
6901
7419
9029
1518
1304
1816
3011
2830
7911
2682
3137
4494
5858
3323
7417
7845
5139
6034
3527
2525
8519
2570
7970
7838
5639
3449
4698
3217
4975
2101
8655
6323
4624
3715
7685
53
6040
2810
7048
7776
5777
7981
4377
9503
9050
7090
9328
353
5529
1214
1425
6700
2126
1106
1604
4678
9756
5606
7846
328
1060
7473
2940
636
3894
8467
2910
9912
1025
2122
7896
6566
9933
9649
3436
1152
7850
1664
8961
7782
6279
6031
2074
7475
6083
10
1719
3823
8952
3109
689
8472
3568
5567
8103
6359
5095
6236
5448
8369
4764
2778
5583
2158
2282
6543
2699
223
7527
4305
2646
8033
9590
9074
7267
3970
591
2640
3422
7179
8912
3198
7241
9029
1467
2436
6794
8818
7502
7806
1876
4597
6991
7341
7857
5564
5206
6357
1695
3308
1241
7636
2074
5421
2378
9299
2412
6426
8062
7451
4979
7834
6936
3911
6751
1226
7910
2863
2774
5695
1556
4094
789
3738
1253
4648
1685
7733
4462
5167
3908
2505
3254
1997
6416
8187
9805
1192
3962
1532
6953
5967
552
3196
6090
4873
1763
3081
4695
3960
4278
5792
3642
2571
1483
3481
2
9032
7242
3937
4584
9472
6082
7614
4641
302
6941
8505
1298
2435
9348
243
8106
3262
5453
622
1851
588
8671
4849
9231
1276
9889
282
3361
6176
5132
3127
2177
2053
4407
654
6782
730
26
831
1508
5385
4137
4991
9076
4076
9410
8103
3582
940
3878
5556
1263
6232
778
4971
3997
7400
6906
6478
3310
4730
8473
5169
3300
6729
1757
4955
9346
2406
6924
3955
5701
9863
7330
7719
9180
3191
3327
8069
8005
2612
9158
2167
4586
5941
3850
8521
8508
3061
2210
4088
1351
8855
9986
9359
8056
4258
8062
6387
543
9508
4139
8074
8019
8481
6800
5721
4991
8053
6051
5830
2397
1874
6500
6476
9445
3606
4173
8156
3778
735
5637
3976
5393
6389
8578
9280
5384
3252
6278
1357
4018
629
4520
5770
3929
2971
8406
7006
3262
5793
8239
7635
512
2786
8233
1999
7480
6160
9112
7556
9279
749
5846
9422
663
1302
4763
1423
6067
1467
41
20
6696
2490
8211
5814
1777
9404
699
1065
2638
2572
8681
607
7682
2853
1551
7875
3499
9369
165
7380
2408
9880
8688
9879
9483
5112
4342
6755
2817
23
2664
5661
9180
6977
6953
361
3502
8042
4545
3881
4687
6245
9235
5574
2146
8498
8755
9506
7128
6127
8520
3707
450
2464
8072
7238
3545
800
4588
4792
2863
143
8626
6580
8653
688
896
4650
7848
5693
5243
5440
7420
1525
2260
2386
8897
3045
2
1688
6957
7243
3112
8984
5038
3995
9341
4582
8686
9228
2925
172
3043
2372
7570
479
4278
6968
7901
9202
6077
566
7144
9740
1320
7650
541
7737
6011
7198
8547
4248
7196
4736
1183
5479
9116
7233
5136
7451
2166
8055
8111
1727
7384
8315
797
1344
5100
454
5350
4514
185
9621
770
7300
7865
8552
9730
5489
3491
2016
8484
177
6824
7621
1332
1219
6405
803
3764
7599
2439
3148
3921
4057
7198
4856
259
8831
442
4114
4452
8258
3607
8424
2435
173
555
5518
3267
9496
4604
4393
4995
6268
1235
204
9076
8445
3364
301
73
9251
1433
2508
5323
1598
3665
895
53
150
2811
8789
7046
4981
4440
3502
6360
9451
8437
2361
9822
8923
9716
5037
7091
6246
6396
2870
4906
4556
3653
1898
8816
7870
9319
2674
7168
5198
2923
6568
415
4452
3293
5234
4914
8295
1149
7195
9297
5279
2131
3080
3220
6068
2633
8950
2858
6406
5491
5379
4845
5556
5094
8442
522
1411
1796
7650
5363
1190
3654
4984
4215
9710
9457
8658
1583
5582
780
5010
7644
9361
2354
2033
4873
6688
9436
8404
7200
3749
8073
2650
3501
2003
9139
8060
9863
4081
9857
312
562
2959
7174
6449
5953
2110
5755
5765
6631
5188
9678
5474
7069
9975
945
6597
8717
2819
9822
8418
2083
6611
1717
3059
9625
7454
2826
5268
6530
2603
2070
6332
4336
5019
21
5193
3248
7926
6421
4297
2499
6120
6694
2487
4622
9477
4394
2339
8637
8096
941
4743
9279
7807
6168
9224
4172
9415
3248
4566
8591
4970
9350
587
7868
9585
9039
8603
836
7915
873
5074
3792
242
8902
178
3361
4314
9863
679
8402
5580
3731
4333
5611
255
9990
1301
850
2786
4513
6549
8372
1710
2239
6079
3122
5644
8972
8948
7064
4197
1611
6534
9088
6976
9809
257
9468
7533
3714
9055
4095
8076
1761
8329
700
5119
9720
2770
9184
5807
7208
6504
816
9642
674
5351
6534
526
2547
7608
2884
9636
4620
1775
5244
497
71
1867
1869
3791
2532
3591
9048
959
2563
7534
7200
2440
1517
8731
66
8511
358
5520
4360
8138
6272
4401
5188
3978
3063
1806
3344
9734
2271
8095
4205
9429
702
3940
4351
6864
6655
4265
1271
7493
1477
394
3554
4273
5311
6693
3818
3665
5896
4084
4299
7882
7096
9101
5502
4739
9481
3830
1587
7007
8715
9036
2306
9044
8792
48
184
9658
6195
2570
3382
6654
7981
3475
9228
319
1454
9864
743
221
5620
8194
8658
2128
4938
4109
4405
9604
4009
2767
5342
7874
7794
8919
2085
5960
5714
5761
9241
6719
9563
1685
5043
3455
4535
4442
2462
6062
9872
2941
4185
9261
657
7952
6558
465
5087
4287
3022
5006
2192
8731
5919
2043
3430
9893
6583
5337
7840
8494
7610
9239
4499
9136
7888
1765
7915
7537
510
3402
1713
407
6087
2446
3430
8676
9089
5070
8613
8620
2855
1082
5498
9588
9703
4392
2534
1469
6153
574
9757
9866
9724
2573
1593
1967
2955
9631
3055
1560
2386
3791
3500
7315
5042
2964
2115
4499
2677
9473
7135
6628
4464
8246
6409
187
2149
9355
403
2565
7772
5506
9973
551
2971
6240
313
4402
622
7105
9381
342
4109
3869
3778
2581
6856
8972
7606
4476
4954
9814
99
7281
8648
6266
6005
4091
4274
7809
8620
6046
6837
9104
9135
7633
4816
6441
7529
8015
3032
6559
9649
5731
6444
3596
2269
4779
7599
9552
2981
1181
3126
8604
4554
420
128
5827
4054
7800
1653
6458
5456
5765
1481
2669
739
4456
2424
1061
8538
4392
9029
5515
1287
3063
5150
6888
1517
426
9168
3150
5460
1819
4842
983
7429
669
3730
2615
1602
7482
5915
9713
8768
6103
9377
9529
4348
2983
4772
7187
591
299
1588
1961
227
9148
3721
4752
1043
4777
7336
8527
872
1822
1565
3483
303
3853
3062
3878
6055
8204
8731
4084
1402
4011
7042
7242
1296
8646
7275
1110
8917
5348
7748
2177
7250
2739
8632
919
3993
5116
2316
8207
614
959
4440
5285
6686
5913
1701
7507
8773
5657
8314
5062
9091
3552
1645
2285
2910
7698
8901
841
5250
2163
1043
1055
6816
7523
7082
9985
6289
6545
1812
4424
1119
1934
2663
1979
1791
4321
6869
3601
5154
387
8412
6500
859
2940
5316
7258
1217
7070
1791
1115
8852
9046
6432
4922
8408
7586
7240
8035
8278
275
6580
7566
5812
1493
4350
1827
4812
2001
5621
8547
7224
4520
9798
2504
1916
4083
1949
576
2159
6724
3378
907
40
5143
7733
6865
367
5403
985
5788
8886
4420
8480
7126
9581
4026
9906
4517
3697
3738
3522
1586
8725
995
4272
1813
9063
4621
6513
8672
1308
4504
1008
3437
6212
8107
7553
4548
6231
2309
9156
4227
2264
7284
1039
5149
5732
7671
7897
2427
2423
5097
5830
3886
2699
5290
1146
4686
8591
2472
6853
688
2073
3493
9057
8680
372
4272
9722
539
3572
1481
9291
2733
6942
3155
2500
2177
5458
2917
3414
4384
775
3842
1178
119
1582
9651
6246
2287
6681
2866
8002
5678
6419
1863
8549
8380
2152
1310
4222
5129
5334
3415
5875
9723
7478
595
1384
5697
9798
3708
8946
1924
6618
3848
7754
2528
9788
9820
3401
8567
2305
7895
8983
2301
8076
5231
9280
3554
1343
3402
4619
1656
3671
3908
3081
5781
8606
3231
4547
1091
4103
1047
7748
8051
674
1519
1985
7501
8796
4264
8439
4653
2623
8544
2122
1021
8255
1511
4433
4507
3917
8904
7996
4327
6288
4530
16
9295
1891
3047
7732
5078
4995
9100
9710
8496
3795
4702
9719
4645
4742
5903
5682
5730
891
9241
4845
8803
3857
8270
7696
3338
553
510
7383
8541
5273
5607
8465
4593
4876
6172
8630
1668
9834
3795
9728
5478
6743
4106
9903
8355
8502
6341
6938
426
6853
4893
3996
6309
8190
2577
2888
8952
7662
7921
6692
3709
8438
1701
3133
2576
2733
1174
2434
602
8678
3933
8567
3965
2461
7216
768
1890
8286
2589
2998
2697
9647
425
2634
7598
4178
3362
6068
4567
913
3010
8143
8579
3159
9585
4393
3851
2416
9851
9899
8306
8747
4785
6241
431
850
4710
8508
3940
4717
6302
7627
6211
3202
2830
9345
2324
79
6265
165
7729
1258
7488
2201
9055
2709
8721
3528
4369
9307
520
7894
1332
1386
4198
7869
4117
6045
9372
8466
7706
8430
5497
4060
1237
4143
5698
48
426
7691
991
2088
2815
3460
3069
4
8523
5100
4242
474
3559
6369
3811
2461
2311
1528
1201
2056
791
6190
7514
8810
2465
150
8790
3997
4022
2185
6268
2298
9336
3070
1166
2350
6048
7112
4140
8299
670
4421
2430
4065
4962
5797
952
4374
8396
9657
7103
1755
9008
5713
2886
6720
7645
3284
2123
9093
8683
3039
4961
2098
3668
9744
6686
7187
3005
170
2921
6866
4811
4670
8692
4781
9366
3166
4569
7191
2213
6268
9101
7638
8870
101
3097
7064
9399
9012
7988
4959
1588
3807
7426
3203
7418
4419
8574
3175
8627
4972
7134
8459
3703
6102
8038
9983
440
4083
1970
7814
5303
8835
6382
3966
3284
3177
8525
3586
9674
3868
7160
7650
8242
889
9078
8926
8663
5200
6333
4352
9727
6769
171
1230
3875
4056
8064
1668
2870
3339
937
9544
4075
1270
8727
6956
1722
6873
3740
2581
7785
9833
2924
2660
2672
378
2142
6445
6754
2299
7796
1833
4
4745
3757
3666
8450
301
4427
6705
2995
6555
8020
7639
8251
5888
7614
5654
6483
3509
1415
9083
4490
6923
7804
6421
9309
962
5189
3612
2018
1248
1486
5934
7546
5547
3117
2016
2459
6869
8825
9583
1937
4337
9327
7369
1810
7869
9820
5299
1453
563
8743
5542
8554
8273
2790
290
7378
9327
5183
8255
7952
8614
1464
788
4847
9306
4643
227
674
2398
9474
7654
1242
8923
3811
4573
6442
2219
3529
3197
3360
7953
6356
3009
5833
7729
9069
7049
7778
8051
2019
9988
5922
210
4684
1464
1314
8167
6058
2372
7924
964
4087
8878
1009
3335
9066
8719
7489
3237
6930
7087
5538
7807
9735
4812
835
9932
2252
9896
2468
6013
5564
4520
2361
1811
848
3588
8273
7312
9083
7584
1917
3421
5355
2064
530
3030
9619
8454
2395
6474
9325
6011
4187
6741
3134
2746
799
2912
9101
3941
6353
1285
5197
453
8461
2363
4758
5461
6486
8484
4606
7487
8565
1241
8921
9620
1419
48
7713
9667
1654
3200
4730
3684
7131
632
5987
5748
2267
3167
6762
198
1670
6537
1852
8600
2377
9696
1170
2679
6154
6015
341
6128
9806
2852
3862
2791
3254
9665
6608
6042
2257
7362
7980
4361
5077
1898
1834
1082
152
3260
4488
2081
4867
6940
2559
3783
3922
8741
2147
5251
9431
5350
1000
2406
3923
2470
5666
9409
1703
9542
6364
2117
3635
5051
3329
1210
5377
9269
9726
8017
9314
1900
7873
4398
5995
558
7485
9141
1763
2240
6914
7217
5431
4073
959
5009
8373
1445
1714
4130
9168
1376
2138
8837
6114
6462
5560
7177
