3566
4921
2294
3651
855
1640
3991
401
9294
5383
7960
6945
3811
3468
4589
5960
1711
9143
9630
185
9131
9825
3816
2028
8977
4559
3184
9796
6506
23
4226
5516
281
4522
2163
8333
5637
9790
7734
1727
4962
1146
7716
2461
4127
7574
7061
4077
7224
4631
6018
8001
2386
4732
3903
896
9927
1348
2270
7727
299
5889
4169
6251
3424
8672
2890
60
2857
8253
3145
4186
7926
6606
9986
9334
4498
1190
5927
8297
368
8741
4713
792
4367
9823
979
1069
9259
7583
8624
5976
7246
8977
7176
9863
3480
1795
4610
6684
7347
6222
7167
8999
3518
5381
1531
8144
4729
5335
2425
9822
6115
1362
9141
4577
6537
3955
7822
3179
5787
4983
2409
2822
7816
1713
6093
1219
9223
3972
6834
2162
9096
7649
5036
7928
1010
5924
8863
1042
506
8179
2790
313
1675
5312
8006
3830
4621
9420
9062
4651
1524
5188
9750
3280
2778
156
2635
4718
6246
1111
879
6875
2087
4226
8024
1408
2758
7325
1300
7707
2861
3636
6619
5656
6277
7751
8973
3047
8696
6181
175
9087
2087
6806
7045
6297
3917
3857
7000
9297
7983
7607
4801
454
5639
864
3686
9179
5862
7593
6521
3781
136
2478
7743
2217
3442
4104
4847
822
5779
8591
8980
8152
9593
4947
7771
4451
7246
8208
9992
5942
9235
1514
829
7099
8240
3671
8601
3426
6306
4452
8626
1825
2441
5931
7593
5605
5758
4469
2261
6416
4916
4631
9627
5956
8059
3271
1788
6149
8716
9296
7640
7698
2195
2206
5292
3400
3889
428
3617
4409
5619
8629
8689
4764
8623
1784
1073
1929
2155
2539
2849
8833
4766
7629
9099
5945
1308
8522
7150
319
2433
1259
8313
2180
4974
549
1054
8666
929
3572
1597
8602
15
9649
7819
1832
5724
2987
4928
1562
7682
7015
6937
8388
3694
498
6199
279
3363
7575
4407
3613
1368
6139
2347
6581
2628
1560
2442
7740
3392
5670
7660
9323
2051
4121
2710
7023
948
8761
8609
5395
5781
5525
9715
784
2355
2457
3049
1719
1351
6974
3415
102
572
6233
4155
5181
681
9577
2683
6324
4828
7402
1930
9875
4774
6532
3705
35
6119
8194
7649
3600
3065
1035
9926
3679
8783
8264
9084
8015
902
4972
2642
3474
2886
8949
6853
9362
1150
5926
3832
8802
4652
8036
4773
9174
8374
2540
5348
9718
4651
6351
9527
6892
6588
769
1046
5762
5979
9942
7540
8787
4051
6075
972
1730
7157
4159
9378
108
1074
9084
9204
8563
6975
8408
4548
9888
9330
4759
9443
23
1002
2875
2039
284
3627
7625
4962
8326
1999
1009
4457
4908
9635
8083
2016
4382
8949
4052
6101
3027
3534
7347
8306
819
1944
6399
7846
9071
2063
1056
608
8449
2645
3088
4167
9350
3952
4089
8159
9337
2543
3206
167
396
6199
1626
916
2150
3757
5487
8957
5849
1183
3995
4270
7933
9583
4916
2240
1298
3089
5339
4334
6986
4525
1601
9448
8982
4605
8652
398
7
6041
5725
3290
6791
7389
2212
3651
9160
2720
4849
2054
8445
2271
4959
3781
7237
6126
2370
1522
4297
7664
848
7541
5570
6026
8411
1844
4655
7172
4725
5897
3869
1241
6939
7230
46
9860
4763
8845
7641
831
5399
8799
5331
9166
8987
9512
1355
2856
5652
3452
7089
8938
5948
1635
8022
431
7506
4109
6180
7563
2059
7018
8345
7298
8628
9163
9907
3670
657
2074
5120
7653
7130
1511
681
9385
308
5056
1028
7448
5615
1
618
9604
2417
8063
501
6887
7972
8660
3970
8282
655
441
8824
6362
2711
1540
1799
5186
7271
2672
4125
533
9120
3547
5833
9116
3801
2355
432
7799
5049
96
888
6051
6240
6371
2450
4867
7594
947
7793
3207
7185
5852
5226
8665
470
6074
1213
2479
20
3037
4374
311
4384
3916
9304
9245
2659
1632
5004
8371
9163
4860
4598
5010
898
4761
41
1131
8956
5319
8040
4863
3904
7121
1085
108
4285
239
589
3228
6899
438
7482
9535
7232
4401
9295
3880
8555
3826
1763
9029
8561
5363
7273
2707
3159
3148
2125
9193
8054
3396
9477
4198
70
5987
5110
2353
1855
6258
8700
5120
5524
1323
4148
3173
3117
9175
8705
1376
4310
5518
2131
6376
4722
2860
3906
6514
1372
8713
8679
1281
5387
4936
7511
2857
5858
8235
5266
5404
2932
2604
2539
8748
2671
8124
3860
1828
990
6925
2637
7864
9056
6369
7256
7592
7976
1539
2087
9097
6254
3964
1751
2801
9574
1206
6944
7961
8775
2380
5342
2702
8546
7991
1702
3016
6322
8563
7091
7450
8156
5465
8409
3273
5905
9047
5836
6774
7987
3762
7638
5070
4182
7292
8910
9297
3444
851
3238
9378
2577
852
4024
8709
2737
7867
5273
3033
200
7462
9991
1546
7627
8861
8065
9855
2112
1659
4439
3771
6728
7813
2751
141
2987
6025
9190
5918
2651
8262
6271
9501
8687
3671
6468
8996
6780
3411
1209
519
812
1047
1592
5896
7971
7048
3384
3212
1744
2685
326
5524
3959
8137
6619
2766
240
1986
1541
9381
6771
4444
6599
5524
108
4633
8370
2833
5918
3024
8224
6704
6995
3752
3499
5768
5672
7945
3388
5823
845
8410
6773
9901
5210
8091
8576
8298
4049
9552
5775
2430
2907
390
4215
4215
7839
9992
2543
8273
8584
6324
177
7727
1948
7533
2091
5623
9979
2082
4355
3064
5100
2850
896
2040
2252
5181
3725
5636
6345
6207
6011
800
1793
2944
9809
9192
9794
9639
7983
9744
8135
645
2952
2535
7781
3669
3215
7338
262
9712
2326
1741
4
191
3967
3182
6085
8811
1077
6378
8674
5601
6626
2683
6397
3174
8526
701
2215
785
1447
8135
7080
21
3846
3290
2551
7068
9388
910
5863
436
8118
1107
3526
9716
4243
2009
2407
525
4186
6471
491
3104
699
689
3024
7241
6229
7889
3590
4144
1521
3385
3806
6692
3453
8259
9806
3079
9490
7674
8453
5316
4829
6395
1277
3239
2284
8487
9601
6752
4283
358
9946
3867
960
6305
