9757
9190
7672
9150
2987
1739
8523
7844
7529
1723
4374
496
6504
1101
106
3909
6009
3674
8872
4430
9987
5041
1215
8033
7010
2284
1421
3456
3746
7338
7490
5602
2902
9882
9922
5279
517
3974
2391
1799
8616
7628
4281
6967
4446
6083
1058
2531
6787
7564
3497
8326
3146
5061
901
4992
9053
8796
6604
3444
2115
1900
6312
3043
9022
6121
1115
1834
3254
5315
7369
5114
4906
1931
5084
3139
1740
5746
4916
4813
2332
4696
1432
1828
8034
4794
6917
6950
345
9872
5664
839
4252
2159
3444
4162
6104
1523
608
5608
6684
4670
201
1835
6274
5507
4314
2439
8699
4450
2958
1522
5639
7527
9742
7642
801
5807
7775
5550
5924
1877
7373
6410
7102
2913
4405
8014
346
9193
4377
2849
9957
2842
2762
9849
1896
4047
6466
5141
7020
1037
4824
8177
5872
5683
1076
2253
7491
8778
6865
2626
9644
7730
2992
1164
6797
4722
9391
3817
5194
5213
6072
6032
1475
5081
4677
1708
2407
9667
7180
3267
8511
9512
4267
3998
3642
5694
981
8941
5890
2291
1332
7284
2584
4769
6715
7486
3621
830
5276
6160
2875
4622
592
3123
6991
6131
8455
7965
4556
5016
9937
7977
6304
2217
7405
3368
8798
3234
7721
3301
9868
4136
3454
5481
3954
5110
8606
2781
9487
6591
113
2705
8428
9911
142
9350
205
7779
7112
3002
8370
9892
5244
9459
8580
5500
3475
9781
704
7854
4585
1258
6228
5111
4516
2104
4510
8511
39
5620
7900
1393
135
4393
6240
2001
2801
1466
5858
8905
4297
3357
6805
352
2326
9325
4791
7892
8084
2302
1026
219
4706
9587
4049
5315
1192
5553
2453
7728
1636
4379
6437
3079
9260
8152
9076
3736
3585
4520
5330
8030
6925
8560
7913
321
3314
5502
4377
781
8961
4520
9013
1846
8374
8930
6535
2951
4415
4817
1845
6385
3710
8383
1708
4874
1090
2097
9614
5863
8011
1125
4734
8363
295
4457
9492
5707
9937
9623
7989
1585
4208
6003
9282
7337
2852
9311
5357
5624
761
9060
3511
9325
9202
1549
6834
4807
3416
3237
4479
5525
8165
3224
5512
5354
5727
9045
6248
1008
2708
6924
1209
9425
3053
6254
2098
9120
4688
8157
7502
4140
6321
9693
8453
5481
9121
8529
1415
7637
5216
7682
776
7242
1261
6356
7531
6739
680
799
9452
8427
2615
8633
772
3301
9101
1166
6162
4681
4529
814
4616
8802
3081
4962
3753
3230
481
3349
4000
9272
6160
3348
5121
6400
710
6429
4679
5092
1383
9504
9102
9484
5311
6863
3285
2764
6087
1977
3890
6301
4439
3564
4851
8216
7796
7023
985
8259
6746
557
7058
3700
8612
5157
5176
5238
9681
8979
2959
2869
7964
9583
8575
9122
7802
2006
6448
1091
6128
6723
9199
3296
7711
9146
7213
579
3371
1525
7121
3922
763
8862
4450
2405
2129
2749
3683
1329
7170
948
1088
9963
2072
5928
1790
2324
7640
2622
2775
958
474
4196
7789
6749
1183
4767
8402
7489
2734
9687
7941
4108
208
7276
1400
6298
467
684
4995
8576
6558
4943
3588
3749
7009
2232
2863
3221
4607
7838
5815
2614
2760
400
9924
6749
48
2627
2163
236
5215
2881
3939
8594
5519
3762
6963
136
1079
1144
4110
688
6683
6008
6388
1633
352
1817
8269
6705
4909
