5152
8971
2690
8690
9416
9134
8213
3194
1020
8782
9828
4349
1120
2884
3438
1515
8114
3762
907
4681
1454
2135
5386
1645
4037
5741
72
9428
6599
1021
7713
6505
1337
7222
275
5891
4873
7713
4297
9036
2545
341
7710
7064
7058
7166
8116
8960
4518
4092
894
5977
30
2565
7853
7741
3194
8783
3658
8345
1056
656
7712
43
2411
9162
3807
8060
2660
8649
8479
2537
2909
159
1701
2622
425
2907
326
3348
157
1682
5526
8070
8623
2098
350
7981
2131
1430
2495
5479
1056
16
385
35
681
7149
7758
3598
6979
5765
3070
7539
2620
2287
5263
4707
4508
1498
6690
8211
9158
1491
7328
3246
6374
404
1802
9479
4832
4893
2194
9297
5429
154
5142
1573
9547
2624
1294
1497
9756
9476
8837
4515
9870
3509
526
6429
9805
8079
5411
2316
8205
4388
2257
4088
2401
2599
1611
219
995
9001
7337
1473
9028
3790
6548
3287
9558
7883
8871
8886
8269
2620
2167
7178
9721
3232
2016
6002
4778
5500
6549
4405
8854
5165
6543
7282
9674
1325
3063
1921
1469
8337
1445
8805
9734
5517
858
8335
6980
345
3330
1080
5275
8785
4724
1593
5797
5879
2867
4915
9100
776
4814
424
2349
3056
6036
9908
1392
1328
9239
5398
6199
887
9450
7641
7952
4508
5051
7889
4861
9316
1495
4127
1636
3146
5607
7789
4473
5783
3551
8607
9408
4038
4838
3267
6933
4757
8057
8247
9863
6538
1421
8422
4661
9180
2667
805
8616
9717
8363
7122
6595
5259
2266
9860
1447
5785
6007
3869
1562
4577
3092
9644
7561
9989
8967
5007
7664
9941
5735
9071
7875
9653
0
6082
8805
3927
6260
7020
5694
7587
6319
3691
1984
1561
7216
3444
9662
7533
6368
2624
1507
1090
2790
3386
1383
1863
7540
1634
8733
9276
4861
3450
2581
4214
7884
3647
8490
170
9219
2830
9183
2254
7269
8728
5807
8801
3688
3427
2222
8288
6041
640
9072
3736
2439
6165
7923
7876
1674
292
8272
4943
3229
3045
1867
9187
6410
1924
9429
5921
6824
7024
4618
8254
1416
324
8881
1518
387
4284
8682
7853
5448
9913
3526
5409
9052
5961
9200
183
8545
9015
5672
3654
2480
8910
3237
6045
3747
5126
3622
3303
5623
7564
5068
5725
2355
9514
1626
7476
5480
1471
7337
9267
734
1960
5338
875
8077
5572
461
6332
9173
8962
1400
2170
2453
2789
5183
8345
5807
1226
2302
2198
897
1002
5644
8113
1103
8767
131
9434
7189
8971
2848
4626
929
4429
5362
6664
7120
8286
928
3221
8706
9156
9308
5315
8029
916
1070
3811
9653
4824
1370
6383
6632
4410
495
2380
2633
2968
4717
9415
6888
9343
6373
3424
7606
210
6532
3464
2167
6063
7055
3549
9200
3717
1451
6498
8474
314
5504
8912
9407
2504
9336
2178
7992
9800
2314
1706
4907
2907
1000
5468
4697
6273
8189
3377
7038
9048
8044
1010
6301
200
8274
4777
4906
1603
5400
730
9285
7591
3215
5942
4657
698
7757
9585
6287
1049
4339
692
409
1265
3461
941
7580
9619
2823
3752
4857
1653
2052
5483
926
4511
5252
577
50
8839
4058
137
6541
246
432
2601
1368
6049
4181
5933
6444
3324
4852
3073
179
1101
1503
6247
9938
2965
6676
1201
3210
6311
2854
9395
9487
995
642
4793
9118
3262
7973
1986
3742
457
8761
4076
5287
8265
7580
2018
6981
5005
4187
1913
346
6835
8021
3132
6709
3664
8150
8091
423
7998
8584
3987
3690
8017
2331
7890
9640
1751
151
9192
1159
1390
1560
7618
7854
5490
6294
748
2472
2106
4227
2318
1159
7739
465
1440
8957
5391
280
3329
3152
9989
5398
4120
2223
976
9197
5914
7470
9965
3376
3345
7678
5991
2816
9626
4607
2158
8470
8286
8523
5205
406
6637
8524
3921
4403
8382
1976
3190
5852
5699
1045
7968
4167
5668
