7926
5671
3783
2261
4327
9183
8446
662
6915
4542
9820
8665
3326
5514
1451
4182
3413
7175
8566
7002
6833
772
6799
4044
8209
1258
3499
4792
202
7874
4656
5358
7492
7168
3954
676
1468
3469
3020
6972
6224
3973
3551
827
1383
4307
2665
6912
6203
5759
2571
3786
2446
7159
4431
6029
572
2845
4183
1408
4955
3096
4974
3794
9036
4954
6884
6107
580
9451
9625
2675
545
5922
8054
7115
6466
5290
3481
64
2695
2009
5999
929
5378
8698
4371
9178
9611
8375
360
3656
9881
6723
3810
2891
2566
805
3285
5441
1089
1272
4603
6936
96
2246
6237
9684
4964
6800
6203
1433
6870
6221
9816
2233
1691
8102
1473
2172
3068
1706
6494
8249
6126
9032
982
5608
8527
6521
8630
6945
9829
5465
3467
4018
8416
8819
6655
6885
7697
8333
3585
9741
9696
8742
4812
7043
4689
5036
607
9982
118
4807
4327
1323
662
75
4166
6094
4026
2098
6398
6722
3827
8197
5710
3796
1714
1836
9889
7845
5826
5900
6773
3283
1597
4388
1098
2956
3941
9601
7721
645
6963
300
5501
9267
8441
1290
3086
4575
1550
6408
3836
7664
5583
4998
2124
4781
710
6612
7427
9551
9261
9892
5740
1067
7426
9375
114
1024
6823
8317
3406
4522
4931
6514
6689
2058
7056
9609
6202
4753
186
364
200
908
854
3002
4614
9629
4987
8879
3033
6425
7567
5439
2230
6462
3936
738
9127
3459
2547
2615
8959
6072
1067
5033
7221
9083
3899
4076
9900
3695
9344
2602
7517
9793
8941
5683
8511
3168
9829
8583
6633
2404
3374
5272
5196
3333
9750
8255
8231
3838
8694
9820
4948
8117
1234
744
9208
7478
5816
4951
182
4229
4976
7651
3829
6309
5464
89
7387
2908
5575
6187
684
5527
8288
5086
8736
4689
7828
8873
9856
9808
249
6638
2278
8612
5706
4385
174
2951
1270
5327
6856
9830
8296
6607
8949
62
7656
6580
371
2061
9458
1468
9056
5006
1291
1397
2538
3824
445
3630
763
8292
1133
5142
5755
9907
7262
7594
8180
3115
4995
5237
224
2020
7006
305
2713
9719
2135
1064
1961
5061
9954
4815
8405
812
9659
1910
4816
7958
6657
7080
6548
3194
8237
1259
146
521
1786
461
9449
3319
5156
8268
270
255
9007
4999
5731
6970
5197
9733
4338
5578
3627
1029
2056
5754
2362
8373
7750
4383
2270
9217
8648
5602
7955
5756
8753
9406
1359
1574
8497
4976
3009
674
8356
4323
8631
527
2638
2979
5591
6300
2185
7038
4473
5619
6374
57
5980
1945
5426
9104
2316
9895
3836
6495
5216
7726
4467
2716
9855
565
758
6394
5055
2981
1402
9229
5352
995
7847
7342
9811
1735
9997
5638
5771
3607
9641
8446
3102
1051
4274
7978
6020
5760
6228
1949
5018
575
3339
3073
1041
3166
7711
6108
7703
4106
8584
2596
5012
7940
3803
9540
9869
6502
1896
5869
4421
821
3440
9721
3242
1749
6011
363
4271
9664
1784
839
6462
507
643
1337
9166
8753
4506
8706
4424
7961
518
4551
3541
6013
1730
2895
3586
5292
3947
8525
7797
7695
6523
8840
6246
587
3076
5257
9595
2598
5309
5049
9286
7512
9439
870
2062
394
95
3161
5411
2572
952
123
3177
1148
4889
1026
7374
4266
8973
1230
3088
5571
1194
1501
8194
9968
6572
9939
8622
8107
9954
2169
2893
8853
1639
4308
6737
7401
9852
3663
9739
1684
954
4129
1186
1235
4325
6799
1515
783
3866
1448
9145
5492
2182
1218
9817
6007
6706
1115
7060
9221
9221
710
7892
5048
1572
2824
7471
377
708
2946
19
8874
5603
8573
1085
9300
7121
3792
7949
5644
9405
2004
828
9508
8023
8903
7399
8899
5726
8560
7163
7877
1462
7800
125
8361
2044
7901
6415
8766
8769
8121
9561
4165
3178
2536
6360
9169
7149
240
555
7823
2570
9103
5848
4469
4931
4947
6189
5771
3363
1258
7706
6840
6884
9397
7202
3788
2910
5594
6680
899
9453
9004
2027
3133
6846
4566
6689
3653
8324
5494
7933
1706
1354
2845
4119
8326
3180
3798
6303
6051
4769
6046
6449
4130
7048
2986
7537
2538
2133
3300
7941
6548
109
8946
3595
8524
8852
7577
6661
5213
354
8980
8691
6827
2079
240
9598
8931
5976
1043
1143
9329
955
8760
5116
9942
6872
2793
1876
8028
9348
9028
4523
1968
5146
8163
7611
4358
7212
6234
6998
9136
6994
1646
9225
102
9212
735
4631
5334
839
2988
8293
5712
1736
7870
6857
6077
9132
7482
7334
4361
1930
3160
6008
7453
3663
9570
1754
2547
4896
6850
8274
9213
6793
9925
4002
570
7677
4220
6804
1581
3478
8734
2936
8691
1163
630
6225
7858
1469
365
3928
7316
3556
2728
320
7380
9572
7104
7689
2003
1523
9781
7137
5907
6354
2183
8345
6625
7670
1555
8283
3016
4165
4766
3760
503
5468
1717
1645
8557
5882
2104
3608
7838
5271
8173
9327
2757
4227
6561
3225
250
7549
4310
5032
7032
6078
7682
3717
5753
1975
7581
7661
5078
6618
2021
1362
9986
3502
4374
383
6321
738
5920
1793
8015
9051
2616
6936
6278
1551
8922
6977
7533
952
6049
9416
922
8421
8026
5500
6771
5776
6641
4307
4600
9372
5481
9164
2948
9673
4053
6020
3592
5270
5295
1403
9575
3867
3626
9688
9865
5662
6183
5523
3436
6430
6827
7483
2108
8644
1125
3283
4561
8974
598
5207
3607
9659
6241
6813
5023
9387
4557
8418
9034
6580
4175
9389
4865
4253
7488
9851
4721
1000
9687
3059
5986
7084
7081
2384
9492
8066
7643
3641
7307
1000
9350
4313
5616
9784
6099
6095
7035
6986
6682
6197
1953
9142
9682
5773
338
