9327
5262
7353
5687
3123
3616
512
136
6109
6521
7287
5539
2064
4880
9391
9911
2919
8729
975
5232
9912
8944
9703
5604
7010
3771
7200
7134
8281
3875
4272
5888
6537
6240
9595
807
4003
4228
6667
4381
7048
8353
2716
5019
6069
9967
5023
1568
8506
7883
4619
2246
7673
6243
4701
7353
2587
414
1259
7573
4311
6561
6394
7414
2456
9687
586
6405
1426
4384
8797
9005
9773
2343
6677
7910
7571
711
7416
4388
6133
5844
6760
3607
1565
7659
3642
2549
8682
859
6477
2999
4621
607
678
2370
2127
1912
1254
690
926
3917
5419
2905
1875
2574
4097
1881
2636
7790
7896
8947
5512
3989
2704
5657
7781
6293
2383
2529
2371
8028
1217
8000
2045
9086
6758
3537
3395
8859
4474
8921
7898
1894
9239
5094
6033
9208
5115
629
7057
3275
4074
1876
1389
128
6397
6164
4767
7694
305
2028
3363
5535
6053
391
6842
7481
201
5849
1990
5324
9067
7785
2996
8669
6458
6895
5723
3336
9707
3898
2381
8291
9770
3680
9876
8980
5660
9957
9863
3150
878
2632
958
3787
9638
2472
3975
2603
3689
5466
9117
6692
6294
2286
37
412
8575
6640
3437
4334
4799
9985
4428
3190
7447
9066
7294
5153
9938
7064
8462
5479
4711
8721
3513
8591
7078
4787
2881
4007
700
1345
1543
3164
8846
5132
6402
6161
6700
6870
1389
9715
3889
748
4324
209
3146
9760
1505
8621
544
3341
5656
7319
5113
5917
404
2255
794
2389
9755
7907
1692
9312
4189
6481
2343
8614
5932
7354
8355
4025
4733
7483
9167
9121
2023
8641
3910
9833
5755
2702
3401
3611
387
1922
6147
2032
6492
7193
3898
3591
2317
3591
2781
8638
5210
9160
9323
8994
4331
9877
6784
650
7274
987
6133
9117
2331
2500
7724
3521
5010
4540
4289
7297
2096
6440
3189
514
9080
2027
6057
1236
7090
2340
6924
1105
3590
6213
5740
3391
7067
8599
2758
85
9680
6274
714
8344
3435
687
5940
5547
4794
8078
6586
6558
9877
7722
5983
6398
7379
192
1864
6448
9180
8841
