9028
5743
3361
6027
5066
1642
9854
3855
2704
3210
6488
1349
836
3256
8528
3211
7122
6568
8453
2620
8194
1852
3704
2091
6279
940
5734
7500
1808
984
499
1389
258
1895
5579
928
5490
5689
4550
7919
1110
6578
4940
3099
6056
679
2093
4675
484
2011
7651
1470
3326
7111
7986
4380
3411
4020
4870
5930
1924
2672
7972
6654
5165
2780
6344
8700
3046
2198
3951
1685
600
3444
2532
3090
6856
8562
3584
5722
7902
2843
118
7704
8682
6048
7976
6265
1138
5719
5954
5200
4666
944
3769
7289
8551
6484
6984
7191
5037
6584
8403
7362
5979
4971
6174
9417
5671
2551
9847
6006
7346
7155
6990
3760
1108
286
4590
6153
6613
4323
1470
6225
4669
9815
177
3043
8120
6669
9427
2473
3870
4827
1079
2424
4719
9791
8808
5022
1766
5834
9195
3398
5629
5060
9775
8702
7406
3625
2753
3772
8411
7351
7519
3487
1061
7761
9931
8253
1982
6099
1364
6275
2386
7314
5959
2355
93
8163
201
5750
2179
3602
5001
7358
7164
3478
6768
6905
907
7124
618
4172
912
6962
5853
4336
9655
3432
1074
6465
8669
2663
3921
5911
1674
5175
8305
5893
6812
8617
230
909
5172
19
1815
4797
5226
3402
1964
9231
540
6692
1303
4216
1190
7848
8425
798
7649
3868
4307
7554
9637
7904
1818
6714
1397
9122
7645
2774
9157
7110
4681
6319
6178
7677
3954
8456
5707
9679
6479
6715
2410
3177
7115
1573
8394
7641
4425
3880
820
5206
2845
7338
4282
8043
6043
6965
2617
784
3246
3975
1616
8673
3533
9877
6245
9563
6615
7766
3384
3285
2460
6745
3865
4953
6278
6216
5633
9808
9820
381
3227
5900
4766
9705
7449
7503
9011
5330
3111
6551
2099
4462
2016
1560
1754
9609
2989
3524
9475
2221
671
6098
9508
1743
68
3006
2163
4411
4363
9055
9400
2193
9402
2426
7871
1225
9439
4937
2232
784
5201
3905
9388
8427
7163
3904
2588
4228
4034
9222
2795
7249
8883
8176
3586
350
3076
8525
5019
5216
1269
9228
1313
8114
9051
7503
7032
8273
8520
1750
6481
5050
6067
262
1479
7041
969
2861
3350
6189
2968
7607
6022
2578
1995
7529
8444
1102
3403
2987
6194
9474
7653
3707
4111
8147
4252
800
4048
6648
5937
3129
4459
7526
578
4307
1391
8691
5094
6265
3713
7249
7781
2872
8896
3106
2901
2399
9527
8617
4101
747
4874
1303
1316
8316
6287
315
9147
2150
9999
3691
3423
1563
5960
2718
6609
9837
6778
1727
2077
6776
6502
6519
1819
6919
5049
2272
2173
6031
395
2273
7325
4125
7301
2096
943
6715
8321
9960
2147
7265
97
2904
3207
2873
5539
173
2866
2093
406
9708
972
8532
984
1026
7229
6323
8113
7921
9324
3952
1639
7391
3410
995
8509
7012
2991
8305
7215
1554
621
5948
1043
1070
523
4734
2678
6907
9206
6602
3133
9140
5482
6296
8659
8766
905
1792
321
679
6564
3744
2297
8918
2442
4869
6550
3970
1068
8627
3539
3006
8101
2804
877
7872
8624
7703
4448
2342
9460
511
9387
9730
4595
7113
1550
4260
2938
133
3609
4816
5063
7319
3767
7607
8328
7492
9221
5144
7823
2264
968
2467
3973
456
1335
8011
6286
8743
680
5732
6756
6431
5142
7118
5716
4452
2996
6615
7561
8712
3223
1619
3708
5696
6228
8697
5372
3922
3296
958
9329
8238
8328
7635
5679
5255
2699
5829
7822
7250
1629
6099
1342
8767
8401
8133
305
4863
943
74
6598
2419
3822
5262
365
6278
7553
3100
7347
123
6250
6577
