4622
4233
6115
1989
7479
7563
4226
8796
3544
7757
5900
8364
3100
4747
6740
1633
1898
7402
9689
5566
6063
1389
9318
8183
4029
6869
7307
2515
4830
1320
8463
9851
6254
7695
5339
3308
2135
7046
4811
2499
5350
7807
1804
8879
1981
958
3783
9211
2540
1472
4564
1486
8152
1639
7583
3675
3154
1134
6795
685
702
2003
8097
9033
4669
4176
5335
1916
9347
8529
2771
9599
8321
69
230
1325
5217
3356
8031
5331
1988
5970
6306
2969
4916
3484
7328
1421
4530
1222
70
7028
3324
3850
3365
7908
4292
3814
7783
153
4095
3527
6586
6682
6958
4269
3007
1599
9291
6818
4485
5768
455
4992
4453
1258
2107
3478
8828
3269
7105
5577
7449
8232
9117
4858
328
5855
5708
7079
4859
1083
1002
5190
2870
9178
8767
768
5751
3387
3192
9798
1841
99
2540
9358
2654
725
376
4483
3643
3105
122
1235
717
7745
1327
2843
5950
5802
238
679
4590
6436
2973
773
794
862
6966
9597
1348
9227
5179
9931
5033
4324
8057
8766
281
3063
169
4392
5288
2600
2073
9104
2859
3085
3046
7279
6902
3104
7022
5968
8716
7042
2340
6609
9014
5863
5689
1987
5943
4070
2053
2122
291
5996
5366
6453
6535
3976
9114
7345
2412
9460
2160
1749
301
5656
2722
3652
857
6922
2597
9854
3056
5775
4501
5579
5090
3157
7692
4407
7424
1351
919
9146
2683
1850
7202
6353
7064
2369
1915
7454
4469
8185
4244
3674
7641
3062
2186
299
291
4094
2978
8212
363
2991
4066
7079
7413
3575
4554
5092
6411
1547
3458
4741
6165
7927
9005
2754
3071
2032
2748
5022
9892
3312
3301
4104
4890
3922
7161
7757
8780
5520
8240
1785
5691
4465
3498
9498
9628
9304
9389
3079
9741
3247
2693
9203
6134
2200
9753
2459
2924
5838
148
5262
6768
5177
4380
2272
7208
5182
286
609
9800
5030
9593
4596
4252
1837
4255
5182
7556
5887
2045
9741
6452
6711
2256
7487
4471
9705
5287
9439
6270
2425
4409
9522
6011
8156
4056
5199
7136
1934
6629
1827
8026
771
8968
4857
1780
5543
435
7908
8621
6726
6812
2818
6275
9939
8156
9796
7094
165
4145
1997
645
5389
7468
9001
7035
1428
4387
7976
9338
9728
1707
9621
3131
9074
1094
8376
7392
262
4916
2854
3771
84
2626
2951
614
7233
3049
4680
4004
8116
5891
2423
586
4975
5303
973
5929
2216
9364
6553
7831
9385
2005
6781
6083
839
8076
4464
8948
2849
8000
9068
1906
8587
5777
2715
6036
263
3000
4634
1837
5539
1945
9152
9241
2263
2827
7505
6130
1550
3872
3016
5729
4313
7988
2527
7945
407
6481
4345
912
2781
8554
4443
6794
1228
5108
8156
258
1630
6757
4189
8909
6981
8913
1425
2484
5856
1273
6681
1599
2509
5143
3374
7472
321
9625
6852
1176
6938
6912
2064
4717
5091
7656
3184
6505
7863
9726
2815
630
930
7514
509
2769
7185
4417
6442
5520
1078
8097
6320
2492
979
6709
7839
3568
7936
4404
7366
3425
8290
6092
7896
1622
5809
4734
5779
5327
6221
9204
4272
5125
3322
7179
6490
243
1216
5424
9027
2002
1653
9360
198
3336
8905
4861
3613
7825
7213
7847
8648
3835
7393
1442
4249
8075
9903
6209
1471
8191
1398
6288
3172
5821
587
3145
6351
9988
7090
9079
3780
5639
3901
4630
6767
3699
37
7600
168
7090
5052
6532
4084
1837
1129
8162
4080
3576
1718
6641
3229
7599
7866
2100
4761
4893
4697
7554
3734
7538
898
6034
9739
4311
3425
4368
380
1370
8192
6095
7033
3486
5012
3607
217
8454
1705
8811
1799
1035
7914
2366
5216
3044
3969
3844
2918
3094
3879
9067
2296
2852
4435
6275
7537
6675
4303
9822
5005
8028
7994
8637
4071
9143
9628
6812
3595
96
535
5388
6676
9635
2906
7643
2764
2934
8929
5011
6689
744
1175
7128
8808
363
5324
7455
9059
1281
773
5423
451
7417
8137
7094
4269
3442
5219
8990
109
4857
4613
3908
8752
196
