6875
9845
1732
5654
4547
1048
4384
4032
3520
6759
2533
8542
462
2153
4986
7123
5100
3152
6106
129
9445
6461
6473
6897
203
4403
5039
6780
5024
8853
2944
640
8303
3645
2519
3487
6350
1561
2355
166
4915
243
795
3746
4306
1173
5727
674
8621
7267
8120
7592
5981
7547
394
2244
6091
1879
8437
4894
9900
4799
7808
7304
3744
5106
554
3445
6894
7080
8901
9874
7172
9920
6078
3946
3989
4336
2527
4927
1968
9092
7852
6440
1201
5733
4968
8668
2075
6747
3168
5271
3613
956
1033
3058
4319
79
8502
2130
3625
2076
9751
410
219
163
5038
9278
752
1169
157
6370
8746
3312
6727
7493
8861
1396
5198
2105
6131
6926
5152
5822
3224
1733
4241
9013
1383
6276
7948
2715
2268
8044
7222
1794
8623
1165
39
601
1413
5698
5908
8173
9888
3924
9449
8476
8873
1420
318
6125
4530
2672
1938
9582
5807
4577
777
1898
3840
6294
1238
3742
5701
588
8630
4676
2031
86
4123
6419
364
1656
1124
6180
7220
3503
2096
9071
2424
2524
8455
6046
8529
3958
3929
7883
6698
1432
3492
6293
7953
3128
5830
420
5330
8998
7199
695
8110
4692
8480
2306
4076
186
5238
7392
9524
4968
2715
8465
9611
7089
3780
5545
3564
378
8097
6023
251
2691
5031
9366
9664
8190
1136
8424
4972
8331
5467
5340
7984
9499
2420
2831
8099
46
2299
955
1105
5855
4420
5395
9563
1493
6174
5765
933
3530
4208
1447
3090
3652
612
8113
9407
1829
7869
194
7226
3992
1194
3315
4176
4414
5845
5982
6566
313
14
1646
2853
5078
984
