6576
3704
4482
89
5962
7545
1337
8286
9188
6115
8673
2974
3651
9927
4582
4781
3339
1887
9707
1936
9186
1444
1773
4840
5018
1445
416
5892
5937
2567
4509
2298
5786
5669
8479
874
1753
2047
5091
4258
7063
5155
9557
7318
7247
5110
3945
1077
1521
9037
1399
8987
8451
6152
6864
7011
4245
6369
4735
4665
2796
5182
4123
8861
8883
5572
9268
6245
9849
9785
6062
2539
6466
9967
5595
9355
764
6841
2176
9909
7095
9882
6378
5139
2885
781
3315
801
7195
4365
2577
4349
8447
7625
9033
7579
7531
7984
3067
7362
8828
6555
4686
2139
9678
746
8472
6254
8284
3300
5319
7728
1135
1626
2520
7583
3627
2069
5946
466
1796
8726
6740
6991
8776
5301
259
7940
6954
1560
6841
9275
5642
2996
2366
4778
4544
3481
1570
45
5280
5864
8601
7562
6818
4758
7377
7621
5759
9078
9007
3977
9147
9303
4716
6277
5693
5860
531
3572
1144
570
4293
4490
4884
2681
6524
22
7808
4614
4079
4307
6011
320
9609
7263
878
837
420
479
3825
7542
7479
4398
3094
3418
9050
474
778
6659
3709
6743
566
8936
4344
9031
553
2717
8151
2904
942
8198
7612
3357
3415
590
3963
264
7562
2779
7768
7621
9849
6715
871
3764
2314
9268
198
7873
1426
4739
6714
5362
2363
6758
2122
1009
328
6838
1849
4054
8472
5554
5310
3940
1500
4952
3485
8828
5085
7631
9432
1568
3854
8711
9520
9455
4893
1837
1892
4721
9483
9296
3944
2484
3061
9355
2451
1680
2329
1003
8388
2323
8814
7429
3462
9420
240
4760
6882
9800
4584
1864
9043
3205
6875
355
3389
3078
5409
1303
9001
5669
2395
6646
4202
8310
3773
8794
5831
9015
4387
1489
9751
9915
7601
8658
5607
6467
2962
5662
2910
2862
1576
9151
6095
1603
6481
7527
3367
1837
4506
3944
7892
6704
6847
7702
120
4686
7906
7924
6932
3760
5813
5490
6680
7
3511
5317
9153
4247
6245
1326
6056
1280
9908
649
677
6327
4791
2006
5066
2417
981
5550
9290
595
4907
7940
80
2113
1363
6909
5574
8006
1664
4207
8733
6882
6602
4385
4485
6113
2306
9657
4706
5159
8218
7788
713
2256
8993
819
5122
7354
6359
7330
3640
4827
2669
9873
2641
9240
5253
2262
217
6248
9511
8452
6823
8554
9139
5901
6574
3794
3900
1518
1821
7197
8884
7547
1695
6895
4358
8083
9990
3921
1977
4316
8971
2043
1392
8021
3462
4873
1091
8378
3946
8952
8705
6737
8273
1892
8924
7621
9093
4083
1705
1952
8113
930
9486
243
8922
186
9760
9355
7249
5494
8560
6277
1251
2983
1147
6379
4724
2472
8507
1564
2956
8618
2149
5871
4366
253
5127
2179
1026
8026
4220
3901
7714
1494
6755
9812
2235
6830
5694
8472
9395
5437
8305
1126
7257
1924
6960
8392
7055
7155
5449
6579
7542
8349
560
4059
388
3604
6616
6741
5779
2615
155
4428
6355
8866
3030
6591
3252
1096
4794
6903
144
3478
9459
825
9927
4620
7448
9422
3956
5201
886
5662
5582
2908
9241
6494
8182
1148
2785
5167
2791
4975
3323
3439
2036
3626
5214
2602
5107
4134
4847
5590
3226
4582
3398
9796
6231
8737
5970
1721
8720
6050
18
64
8524
2289
7345
3454
1192
6459
6890
2670
1649
9053
37
4899
8201
5200
6231
9337
4684
3795
4316
9295
3689
331
4211
5828
7523
6801
4264
1901
3862
6806
1979
4087
9874
7778
9646
897
2019
5098
1871
2969
8693
4807
8997
558
9413
2619
8975
8040
7357
6944
353
3448
1696
2802
774
3487
2409
1627
8590
904
3036
9238
41
1613
6180
519
805
3560
2463
4747
8687
7951
6133
9899
3685
6170
9527
7767
2770
