6
6
7
16
21
32
33
43
49
54
77
77
81
87
88
93
105
108
110
111
114
114
115
117
128
132
145
147
151
159
165
171
173
179
181
182
186
188
192
194
202
204
204
211
215
217
217
220
226
231
233
235
235
239
240
246
251
252
253
255
265
269
276
284
285
285
287
288
303
309
312
320
322
329
332
333
335
337
343
344
354
359
361
361
366
378
380
387
389
393
397
399
402
431
443
448
449
453
459
469
471
474
477
480
480
481
486
487
491
498
499
502
512
532
533
544
550
551
556
557
575
579
582
588
589
590
591
595
601
611
614
617
619
628
634
636
636
638
640
641
646
651
660
661
664
667
673
679
683
684
690
691
705
708
719
719
720
725
734
742
746
752
752
762
769
776
777
796
810
812
814
820
821
823
825
826
830
832
851
855
857
864
867
874
877
879
881
885
894
907
912
919
936
939
940
952
958
958
965
968
969
981
982
989
998
1002
1003
1008
1013
1017
1018
1022
1029
1035
1038
1044
1059
1070
1072
1076
1087
1087
1087
1096
1104
1104
1124
1125
1139
1143
1149
1162
1178
1188
1191
1199
1205
1211
1214
1220
1224
1229
1231
1234
1236
1242
1245
1247
1258
1262
1262
1269
1269
1281
1286
1295
1302
1306
1307
1309
1314
1319
1323
1336
1348
1362
1368
1369
1374
1385
1390
1390
1394
1395
1396
1397
1401
1401
1402
1404
1406
1413
1416
1426
1434
1435
1450
1452
1457
1458
1458
1459
1468
1469
1472
1473
1474
1475
1477
1480
1485
1486
1491
1493
1493
1495
1501
1504
1506
1510
1513
1525
1527
1527
1529
1529
1533
1533
1547
1550
1554
1557
1563
1566
1574
1584
1593
1594
1614
1625
1639
1640
1640
1644
1645
1645
1646
1653
1654
1655
1662
1675
1675
1676
1678
1688
1690
1691
1692
1696
1698
1700
1706
1713
1713
1717
1729
1738
1738
1740
1743
1745
1745
1748
1750
1752
1778
1778
1782
1782
1790
1790
1794
1795
1805
1809
1811
1820
1822
1825
1825
1828
1829
1858
1862
1862
1865
1866
1871
1872
1880
1884
1884
1892
1894
1903
1904
1905
1907
1911
1911
1913
1923
1933
1936
1941
1942
1943
1952
1953
1956
1979
1990
2002
2002
2005
2006
2010
2015
2017
2022
2025
2026
2029
2029
2030
2033
2035
2037
2045
2046
2046
2055
2062
2074
2079
2086
2098
2099
2107
2114
2120
2124
2129
2146
2146
2156
2156
2160
2163
2169
2174
2175
2191
2197
2202
2203
2204
2207
2208
2211
2212
2228
2232
2233
2234
2240
2242
2246
2251
2263
2264
2283
2284
2288
2297
2310
2312
2317
2321
2323
2327
2329
2337
2345
2347
2359
2361
2361
2362
2364
2366
2367
2368
2369
2375
2379
2382
2416
2416
2421
2429
2430
2433
2436
2440
2441
2456
2456
2461
2474
2489
2493
2499
2500
2504
2504
2506
2510
2510
2513
2521
2522
2524
2541
2541
2542
2547
2555
2568
2568
2569
2572
2575
2578
2583
2587
2593
2602
2605
2607
2610
2635
2638
2651
2651
2651
2656
2661
2667
2669
2679
2684
2689
2700
2704
2706
2706
2711
2723
2738
2743
2746
2758
2762
2763
2768
2775
2775
2786
2787
2802
2802
2807
2820
2821
2826
2828
2838
2857
2858
2860
2867
2876
2888
2889
2890
2890
2894
2900
2906
2909
2911
2911
2919
2923
2924
2933
2934
2937
2944
2950
2955
2956
2984
2991
2995
2995
2997
3005
3011
3033
3035
3038
3038
3039
3052
3058
3068
3093
3096
3097
3098
3098
3104
3104
3106
3110
3111
3117
3122
3122
3135
3141
3141
3142
3151
3180
3182
3185
3188
3190
3190
3194
3194
3195
3197
3199
3201
3201
3204
3213
3221
3222
3223
3224
3228
3247
3251
3261
3266
3269
3269
3282
3289
3297
3307
3308
3308
3338
3338
3339
3345
3350
3351
3361
3361
3372
3381
3383
3392
3398
3406
3409
3419
3427
3431
3435
3439
3439
3443
3445
3450
3462
3463
3466
3467
3469
3470
3494
3496
3503
3505
3507
3512
3524
3529
3534
3538
3543
3547
3548
3549
3553
3554
3558
3559
3560
3569
3572
3610
3620
3625
3639
3646
3669
3675
3676
3676
3678
3679
3690
3693
3694
3707
3728
3733
3733
3738
3750
3750
3754
3758
3760
3761
3763
3763
3767
3773
3780
3787
3787
3792
3799
3807
3810
3813
3820
3827
3828
3837
3839
3842
3843
3851
3855
3857
3868
3871
3872
3874
3875
3882
3885
3889
3889
3890
3896
3898
3900
3903
3905
3907
3908
3911
3912
3916
3922
3925
3930
3933
3938
3940
3941
3959
3967
3978
3981
3986
3992
3997
3999
4012
4012
4013
4017
4018
4027
4028
4034
4035
4043
4051
4055
4063
4071
4073
4080
4081
4081
4083
4088
4091
4094
4107
4113
4115
4117
4118
4126
4126
4132
4133
4145
4149
4154
4161
4170
4187
4187
4203
4206
4209
4222
4233
4244
4260
4266
4268
4273
4282
4286
4287
4289
4291
4291
4292
4300
4304
4306
4306
4308
4311
4316
4316
4324
4326
4345
4348
4350
4350
4351
4352
4355
4357
4371
4386
4399
4399
4407
4409
4422
4424
4425
4426
4428
4441
4449
4450
4456
4460
4468
4468
4481
4487
4487
4488
4495
4506
4515
4519
4520
4522
4527
4528
4532
4533
4538
4546
4546
4554
4568
4569
4574
4578
4583
4594
4601
4614
4621
4622
4626
4631
4639
4643
4644
4651
4653
4663
4674
4675
4681
4697
4717
4721
4724
4725
4726
4727
4729
4734
4737
4742
4744
4748
4755
4759
4773
4774
4776
4777
4779
4793
4794
4805
4810
4813
4825
4836
4839
4856
4866
4883
4888
4896
4901
4902
4908
4911
4918
4921
4927
4928
4930
4932
4937
4947
4947
4951
4953
4954
4957
4959
4980
4981
4986
4988
4988
4990
4995
4996
4998
5003
5008
5017
5023
5026
5029
5034
5038
5058
5059
5061
5062
5067
5067
5071
5071
5079
5080
5085
5090
5095
5099
5100
5104
5106
5112
5119
5125
5134
5135
5143
5146
5153
5158
5160
5164
5165
5169
5176
5180
5180
5182
5184
5188
5189
5191
5194
5195
5196
5218
5219
5220
5224
5225
5232
5232
5244
5245
5249
5263
5265
5266
5269
5274
5280
5280
5281
5282
5294
5295
5309
5313
5331
5336
5338
5339
5340
5344
5346
5353
5377
5378
5394
5396
5397
5415
5417
5418
5420
5422
5424
5429
5429
5435
5435
5443
5449
5451
5453
5455
5456
5458
5472
5474
5482
5488
5493
5500
5502
5504
5505
5505
5515
5519
5528
5536
5538
5541
5541
5543
5551
5556
5562
5565
5577
5580
5588
5589
5594
5600
5615
5617
5623
5630
5633
5634
5641
5647
5648
5649
5649
5650
5661
5683
5699
5700
5701
5703
5709
5709
5709
5729
5734
5735
5742
5756
5762
5764
5764
5769
5770
5773
5787
5806
5810
5810
5838
5843
5843
5851
5853
5855
5861
5871
5871
5872
5878
5883
5887
5888
5895
5903
5911
5913
5924
5933
5946
5951
5951
5961
5964
5965
5965
5972
5972
5975
5980
5981
5999
6003
6006
6007
6008
6020
6021
6034
6039
6041
6046
6047
6061
6069
6070
6071
6073
6074
6084
6085
6094
6114
6115
6116
6117
6123
6124
6128
6132
6143
6147
6149
6150
6159
6172
6177
6179
6184
6189
6190
6197
6201
6203
6204
6209
6210
6240
6242
6246
6255
6256
6260
6260
6287
6291
6295
6303
6309
6311
6313
6323
6333
6334
6336
6337
6340
6342
6350
6356
6363
6363
6364
6366
6380
6392
6394
6398
6399
6403
6407
6418
6419
6423
6423
6427
6431
6439
6445
6456
6465
6470
6472
6473
6475
6476
6481
6492
6494
6495
6500
6503
6503
6509
6521
6526
6535
6544
6547
6561
6567
6573
6592
6597
6603
6604
6606
6607
6608
6624
6628
6642
6644
6647
6648
6652
6682
6689
6696
6696
6703
6709
6712
6714
6719
6724
6728
6731
6736
6742
6749
6750
6751
6753
6754
6756
6758
6760
6762
6763
6768
6773
6778
6781
6793
6803
6811
6815
6847
6848
6852
6856
6860
6864
6869
6878
6892
6896
6901
6906
6909
6920
6925
6927
6931
6939
6944
6950
6967
6968
6970
6974
6979
6983
6988
6991
6996
7007
7016
7026
7026
7033
7038
7040
7041
7041
7043
7056
7059
7082
7088
7090
7108
7113
7113
7118
7120
7125
7126
7126
7137
7143
7146
7147
7149
7151
7154
7157
7160
7168
7175
7187
7187
7193
7196
7198
7199
7203
7208
7209
7216
7223
7225
7225
7226
7227
7229
7233
7233
7234
7236
7246
7249
7251
7259
7260
7262
7265
7268
7270
7274
7294
7316
7317
7324
7325
7331
7339
7339
7345
7357
7372
7374
7377
7380
7391
7395
7395
7402
7402
7407
7417
7418
7422
7425
7429
7429
7431
7434
7445
7445
7447
7447
7451
7461
7462
7478
7484
7489
7497
7506
7512
7514
7523
7525
7530
7530
7541
7542
7545
7546
7549
7554
7554
7556
7571
7575
7577
7579
7581
7591
7591
7598
7602
7606
7606
7608
7611
7612
7615
7621
7625
7627
7638
7645
7646
7653
7656
7666
7667
7669
7684
7688
7697
7697
7698
7699
7706
7710
7711
7716
7725
7726
7726
7727
7728
7728
7728
7735
7750
7755
7758
7760
7768
7774
7778
7779
7782
7791
7796
7800
7801
7802
7808
7809
7812
7812
7814
7817
7817
7821
7822
7823
7830
7840
7843
7844
7855
7859
7862
7867
7868
7874
7875
7883
7899
7900
7908
7920
7921
7926
7929
7929
7933
7945
7946
7961
7963
7963
7968
7970
7972
7977
7989
7993
7998
8000
8012
8017
8028
8031
8040
8054
8065
8070
8074
8082
8086
8087
8088
8088
8093
8099
8100
8103
8116
8116
8117
8122
8123
8132
8137
8142
8158
8165
8168
8168
8169
8170
8171
8173
8174
8176
8180
8181
8186
8188
8188
8197
8203
8204
8218
8223
8227
8243
8247
8257
8265
8279
8289
8294
8302
8307
8309
8311
8313
8319
8331
8331
8341
8342
8344
8367
8367
8369
8370
8379
8381
8383
8391
8391
8405
8413
8416
8419
8422
8424
8433
8433
8436
8438
8445
8448
8450
8451
8453
8457
8479
8486
8488
8509
8509
8513
8521
8523
8542
8545
8546
8556
8556
8561
8566
8567
8567
8581
8584
8586
8600
8607
8610
8612
8617
8618
8624
8627
8634
8635
8638
8639
8644
8648
8655
8662
8665
8679
8681
8687
8688
8698
8700
8707
8710
8723
8725
8734
8735
8737
8748
8751
8760
8771
8772
8776
8782
8791
8798
8798
8798
8799
8803
8805
8806
8811
8814
8814
8816
8820
8825
8836
8842
8853
8862
8872
8876
8879
8882
8882
8883
8891
8892
8899
8903
8908
8917
8917
8918
8919
8921
8932
8932
8935
8938
8944
8945
8947
8956
8957
8962
8980
8981
8987
8989
8991
9006
9021
9022
9022
9028
9033
9058
9060
9061
9063
9065
9069
9071
9073
9077
9077
9082
9083
9085
9085
9094
9097
9097
9098
9107
9108
9110
9111
9114
9115
9132
9137
9140
9146
9151
9157
9162
9164
9176
9182
9185
9190
9192
9198
9200
9208
9209
9220
9221
9225
9227
9228
9234
9235
9238
9238
9242
9242
9243
9245
9246
9262
9264
9275
9281
9281
9297
9298
9300
9302
9306
9314
9316
9323
9328
9330
9337
9356
9357
9363
9365
9387
9400
9416
9418
9422
9422
9426
9429
9437
9441
9444
9446
9448
9453
9456
9458
9459
9460
9465
9466
9471
9474
9482
9483
9483
9487
9506
9508
9516
9516
9520
9524
9524
9535
9541
9544
9550
9551
9558
9567
9569
9570
9576
9578
9581
9586
9593
9596
9602
9615
9616
9617
9621
9624
9625
9632
9642
9644
9646
9651
9653
9655
9657
9657
9658
9669
9674
9678
9693
9695
9698
9701
9702
9705
9713
9721
9724
9735
9747
9748
9750
9769
9771
9778
9780
9790
9796
9798
9803
9809
9809
9819
9821
9822
9826
9831
9831
9838
9840
9849
9851
9855
9862
9868
9879
9881
9889
9903
9903
9905
9907
9910
9913
9917
9924
9926
9927
9943
9944
9948
9958
9964
9970
9978
9980
9981
9987
