2511
4487
7984
1310
4829
2349
8101
8382
8965
5255
931
1320
535
3337
2494
4761
8925
8018
2565
5553
1025
8895
4290
8058
9866
6468
8171
6832
6788
7449
2863
4309
2831
3779
2409
1846
4890
6020
4559
3520
4817
6781
7632
3381
5160
50
4025
8535
3520
7858
6906
2397
8571
6597
2910
4700
4769
1473
7701
7481
9439
9056
3170
9114
5512
4754
4733
1718
5532
4072
4689
756
7694
4032
2937
9516
2689
3812
9471
5271
893
1758
4040
8430
3056
9262
7093
714
4056
715
2718
3523
8529
2699
8677
3034
9184
4927
806
4293
3528
22
9093
2586
2330
9196
547
6718
3679
6093
9616
5467
9749
1662
350
5456
9516
8751
5778
5958
9556
6321
9029
3729
6813
9677
7621
8870
1747
4891
7017
944
7630
2753
2103
3067
1930
9966
5507
575
8691
3102
9859
9972
6619
3847
7019
3363
6181
2452
1059
3339
441
9989
3360
3357
8581
9003
7584
9079
8114
6452
9446
6839
1621
2455
1251
6420
6538
3295
3977
6683
1974
7362
301
4218
4857
8304
435
7172
8777
473
8896
8668
2844
7992
4379
6819
4586
228
6836
1246
455
3261
5512
9232
9872
9080
9229
8134
3907
1657
5515
4563
7647
1783
8335
4943
6137
628
5089
6570
7335
5342
2327
3012
1983
8695
6222
2848
9482
8763
8166
6072
943
3951
8127
8256
5402
3282
8349
8568
2870
1808
7844
4076
8378
6230
3736
9426
4442
6400
8972
7955
5500
4204
7183
7548
6772
2559
4521
2165
1747
3698
5226
7844
6997
7771
2342
212
430
9869
7513
9057
9207
6042
4134
4341
6568
6601
6241
7208
2563
8071
1484
8979
2331
3517
299
918
6949
4652
4926
7641
6124
8127
1366
7416
9026
2721
4500
3359
9435
3749
1669
511
4015
5955
2774
5150
8030
6392
5645
4327
1087
4348
3826
5583
6614
6250
227
9080
2688
9662
4135
6966
8545
1972
971
7691
673
6187
3886
6208
4712
8376
3776
4525
4577
8704
9648
884
8175
779
4387
44
9898
2080
1904
1545
3668
1581
450
7664
6722
9404
3412
7816
3567
7300
3304
1595
1559
8076
6878
8313
4428
6701
9268
6976
7731
5762
2911
6929
690
3180
2634
6071
2168
639
1729
516
4647
7091
5094
6822
8962
2829
4619
5515
4302
6153
8836
2557
2529
6449
3597
3557
3179
4612
3018
4132
5739
4187
262
8590
8718
4335
5873
8299
849
8810
7318
563
8352
3467
7143
8586
3613
8535
8740
3207
4850
860
8090
7489
3393
5658
7055
5950
5045
6892
8797
1252
4656
371
8724
2511
8547
3873
4997
1028
7672
4170
1094
1208
5534
1695
9148
6718
8797
9777
6904
4514
5226
6870
2977
2263
3174
6979
4809
7915
9149
5654
1240
3690
5200
6308
6915
590
5784
4390
8895
3697
4635
4979
6786
2973
5703
2756
6442
9067
8672
1978
3913
8710
8801
8066
634
9688
2847
1748
3111
1080
7715
1298
308
499
6121
8352
9826
6392
4039
8015
9536
109
8004
4558
4828
9418
6431
9830
2854
2417
8047
2736
4264
8383
2223
4592
9762
9994
589
6995
3554
9572
6620
5955
8250
536
70
8472
6095
4068
6110
5486
9561
161
4801
8179
263
1681
5166
2984
8921
9846
9505
4333
681
9601
7855
3173
9462
3804
9518
3580
2229
5805
8452
9432
9068
1064
1967
8018
7783
9769
7659
7721
2368
4072
1803
2447
3141
5524
3529
6377
2600
577
3022
8751
5131
4578
8707
9939
576
7615
7942
6826
1371
8769
8072
7662
478
8854
9872
3978
2650
5565
3398
9891
4702
9113
7032
7188
1419
868
4129
7955
2481
2332
8083
5174
2359
6842
5863
5746
9524
1779
2098
9655
3510
4827
661
3652
8374
3790
8351
7738
8929
5858
5770
7993
1740
8836
3754
9829
6363
3837
9864
1644
3502
6185
8306
3
5906
8898
8418
3997
4639
978
1401
8222
8121
1001
2287
925
3790
4976
4351
6339
2601
6298
6127
7918
4683
4798
6967
2286
446
1299
5732
2055
5160
3916
8555
9363
6638
2397
5905
969
5010
7204
6183
50
777
767
2953
9475
2362
9332
5563
6244
7173
5203
8416
7031
841
796
2400
349
7752
7909
3133
1675
2222
7865
4566
4116
3771
800
3230
8628
1814
5238
7943
4665
4797
2340
2158
4209
6295
2704
1294
9589
5951
7469
5361
8236
6221
9590
8006
5564
6873
5645
6679
567
7944
3284
5060
7366
8395
4545
8101
9959
2161
628
2085
6732
5397
9472
6955
5894
8821
3466
5836
2951
6818
992
7139
6550
615
2134
7954
9620
6312
5851
3500
8566
9776
3192
6367
4472
9503
8712
964
6782
5424
167
3169
1686
6339
4738
2504
4608
1165
8619
4334
8599
9505
5578
2568
8178
5189
9305
9126
1235
2379
3783
5052
9977
7583
5727
9542
5559
2511
3191
7428
80
2083
4871
2648
3871
9086
5331
5130
5683
2006
2403
1159
8263
5370
4366
2785
2084
2572
6130
112
5538
9599
5642
1419
773
4350
4003
9985
524
287
5346
3203
2815
5060
5461
9118
7173
4446
1347
7879
8157
9441
7392
770
9386
9674
7738
7429
4061
9438
8515
2697
5955
3604
8120
8123
8292
9402
8459
9561
6548
6676
5181
1528
5254
3557
337
1057
8154
6727
6584
8578
5716
5449
8104
1091
3890
6352
9736
3322
3306
1602
2475
5865
8592
6538
441
5434
3432
4111
1713
1216
8106
2525
3007
3103
2792
9396
6059
2075
1688
386
1827
387
145
2851
7099
9375
9430
5294
6982
5650
1491
1602
5860
2286
9124
4960
8899
168
5350
112
5922
6103
9475
4209
9608
8522
6273
5853
325
8652
9095
9179
640
4860
7274
4774
3588
574
3159
2115
89
1648
4338
8788
2587
7314
2175
236
3901
3
8662
18
2625
3192
9747
4654
8909
3203
4810
9002
7451
388
8775
7812
7660
7495
5426
6616
4531
8209
7983
434
7582
6777
5684
1913
9362
478
3206
1448
9511
277
3135
626
5105
1396
334
6865
3135
4823
1113
1544
6345
2741
9345
6091
9384
5801
6363
506
8247
7741
1325
6650
2308
3408
4062
4216
4917
9479
2900
790
5484
3301
5887
8637
3240
4190
4984
9951
486
3243
9303
9155
990
2278
5274
5572
7462
9843
8734
2269
510
2434
6383
7213
357
2005
1768
1015
1733
6683
4042
1468
1813
165
6084
8867
855
6724
2284
7650
5297
2947
5245
9316
3424
4412
5013
8714
4491
5309
4022
887
3159
1732
5886
8404
2477
4803
6435
9791
270
8113
910
8104
5767
5041
2140
4955
5576
5449
674
9355
706
7971
9358
2653
9211
3653
1636
524
2298
9059
4993
463
5197
2122
8364
8607
7988
1994
5105
2776
5694
4949
1156
9631
1434
1992
1407
2583
1186
232
5957
3635
3819
9330
1948
6779
5427
6345
5970
2713
2740
7186
6639
4686
6399
507
6894
3089
1200
404
800
2044
7108
7516
193
4699
1760
4279
2382
5186
2475
8979
1307
4269
3380
4958
1025
2626
1134
5918
2233
344
990
5570
9630
3788
3410
73
373
1268
328
4680
1598
7097
9280
1779
8075
9572
3092
6167
9394
2162
2597
4748
9777
8764
9930
2133
2624
3286
362
625
6165
983
1327
2937
6260
4014
8353
8659
7267
6496
8910
965
2199
4951
6870
8343
8890
8528
2217
7232
9810
9589
2918
5374
9315
9383
8479
2412
3631
5349
7584
3790
5669
6346
5432
6414
8891
9578
9930
9624
1880
8329
9718
3086
8005
2729
1160
3938
2637
6762
5905
9165
3728
3438
5377
5587
268
6671
3670
9061
7105
2739
5698
6554
3939
6454
3174
9587
904
7133
7028
5221
3104
7307
1181
1233
1686
2743
9282
5422
9615
5784
2949
5085
6174
5282
7335
1628
5393
5478
7445
6987
96
3055
6501
3111
5097
6284
5904
3055
146
2727
4819
2461
5689
2224
6295
3139
2253
85
5945
6269
7304
1321
8704
1340
1801
511
8928
8370
2367
3489
9208
5172
3971
6404
3673
8464
2332
4913
2245
7491
4875
1271
3368
1485
3994
9908
4043
7764
6636
2715
7667
5565
9757
3717
2133
1812
2085
9047
2922
8940
8799
2243
8499
1600
7237
6746
8251
8658
8529
7176
6383
9193
2209
8500
8731
6433
8253
7494
3308
1476
3748
4049
9500
9503
9476
832
5344
4732
5022
8553
7066
6832
9738
665
150
692
860
5724
6610
3530
9405
7809
8857
8148
9074
5436
6564
8812
3331
7201
9293
6733
1064
8045
4261
5376
1803
3445
5631
1979
7329
150
8948
534
7680
1086
1961
3238
6089
9008
941
1955
9146
8107
9852
8579
5648
5348
8222
3366
9986
3606
2431
3263
3688
6792
4259
8073
1802
3152
17
889
9134
6625
3343
639
5083
7772
4856
8826
4779
5130
2228
9582
8541
5068
4991
2011
1313
3222
9367
6444
8626
3418
9808
1747
5931
600
5525
9070
3644
2766
2295
8563
1181
3149
2073
9469
9374
7948
5557
775
2212
6823
5730
9089
5615
3047
3621
2823
3096
7717
1066
6872
5574
7758
9072
1
5377
583
4538
7928
2493
9222
2567
8670
4521
487
6354
3194
457
5321
1747
3568
2420
4856
8954
2917
8767
7906
9608
6304
6623
5631
3400
9317
1821
6930
4856
1658
9462
3753
7456
6282
8890
8971
9286
760
2716
710
1656
6450
726
6111
9735
2781
6006
4377
2141
8522
2400
3663
4629
9212
9563
8863
1565
163
4290
7699
7688
7346
4538
602
1844
4341
5636
5884
3799
2064
6528
5411
5051
9457
7575
7572
4623
7519
470
3748
1237
6112
5061
1642
3960
2829
7574
3877
4474
5873
9595
3063
5411
8375
7453
5193
901
9879
7181
1655
7383
1803
1122
6416
5070
7641
8405
9019
2974
5340
3025
5881
3376
8899
72
2128
4768
8519
2753
3664
5863
3865
303
4535
7097
2915
9620
7751
189
9727
1504
8693
793
7998
5764
8996
4055
3751
8133
5351
7973
9696
5925
2080
4858
5836
8667
8510
6901
5783
4580
2204
7893
5874
3687
6910
9464
4679
3589
9742
6866
3773
4501
5532
6297
6770
6013
7581
3013
2480
9208
3081
7099
9856
4284
8375
1626
6866
5625
3937
6183
2817
3371
1430
7257
3828
2994
5547
5791
4102
2119
1469
1406
1452
6869
4725
2218
4152
8424
3975
8970
7580
4112
8857
2286
3344
6401
4363
2245
663
7407
469
200
9567
6217
694
3776
8213
1200
6141
7335
2028
9752
2158
1835
738
3490
3246
9980
396
7740
8064
4823
1487
379
490
2593
868
6578
4545
3383
4878
2787
721
6595
3289
5440
8722
1511
8942
7268
6999
7247
5888
6884
2544
455
9644
5317
5393
3641
6773
6595
1034
1695
7436
8096
478
9367
3752
447
2162
7786
8884
5992
2019
3856
6601
9533
8085
2362
8726
4915
3818
6986
8381
6336
9960
3076
213
3757
8185
1943
4889
7705
1079
3788
4082
9920
2032
3909
3866
2789
5535
4758
9017
2332
3051
4609
8045
6610
2156
2170
8944
3864
6955
5240
8658
2431
5923
742
5011
7557
9262
2844
8484
8571
1619
5735
2617
3582
7603
7645
6060
7858
6904
3139
6323
6337
3013
1408
5137
358
4578
9325
8008
3608
1207
9336
6000
2560
6228
3958
6124
2190
7290
565
7742
8672
2008
2457
6393
6901
9902
4785
3096
2202
3760
6784
6799
2393
3263
5026
9930
8474
1221
5866
2235
9669
8085
9159
6007
1258
3528
9425
6649
1736
4855
5131
6098
9165
751
1515
3035
5293
5434
7492
3077
9987
2692
2544
4141
7872
1468
5247
7068
3623
4653
1088
9219
2357
590
3569
9269
6776
2426
9261
4691
3271
3871
4407
9542
5082
1215
7960
9069
1777
513
3550
9381
818
5716
739
4987
8774
8259
4157
4341
6876
1092
7639
3693
8031
486
9313
2557
154
7065
2734
9855
3750
3472
8645
8430
24
9841
1691
7032
9491
9798
6527
3090
60
9119
8140
6659
7855
6377
1932
5744
3666
9881
133
5905
2857
8079
2448
2502
6789
1209
489
2242
9390
419
7522
1786
3362
6859
7309
5096
6696
7309
8444
7926
1662
4795
3448
7409
5265
2327
5133
7033
2228
5439
6244
2481
9071
4487
2249
1772
513
839
1277
3942
7558
1997
9680
4112
9935
9497
6466
9188
4289
9961
4937
7678
3482
4081
5272
9162
1683
525
7496
3782
4550
1734
316
9802
3734
6424
7631
7759
163
9234
1183
3027
1153
1416
4771
4693
2242
7701
2722
7606
5813
3580
2928
6137
5102
4096
2606
2763
3950
9950
3222
1939
9820
9240
9464
9864
9997
3466
6061
3761
8649
4566
5356
47
5492
5714
7992
9402
5144
2340
8898
8140
9965
1439
784
9524
8157
6583
7809
5717
3206
3296
2768
882
371
4402
2177
8655
855
7832
4978
2659
4535
9979
2234
7026
7697
6152
7133
5013
3061
5925
6928
7690
5606
5272
992
1428
9154
9240
2083
2436
5524
8620
1138
8977
132
1598
9424
7019
5412
6659
5706
3102
6103
6185
276
8950
8574
1119
2111
5999
9667
5817
215
4388
9271
8811
5318
228
4796
9562
3451
6982
5042
3493
8676
1634
5572
7602
8254
4028
7639
6775
9869
8187
7931
6548
7192
7768
7004
1531
7017
3845
88
9943
8482
2212
5181
3801
2476
9036
9802
1178
7238
8312
9602
1649
4355
1865
9149
8547
7903
2848
7632
1976
8311
6645
9961
4672
1665
8880
6823
8732
4655
8853
5600
5009
5128
8111
7750
8532
8293
8119
7232
2689
9045
8021
8882
2141
1566
3337
5257
9390
8396
9114
5375
2803
2511
6514
9074
4489
7585
137
6210
4891
3580
4447
826
7212
7078
1620
6594
8863
8375
9836
1305
9007
234
587
5034
984
6416
5934
8672
5870
1648
1792
6997
8813
8494
1331
3162
2849
776
3331
9571
5909
7642
3981
3434
5452
7140
6981
4044
1745
3274
6067
2728
5191
5898
6115
5813
5309
8511
3806
5501
8977
5073
6553
3531
3359
3254
8804
7699
4604
8225
8190
1921
6811
8029
46
6332
7046
8858
7760
5154
1250
6154
8147
6512
2784
5347
5580
216
16
4252
5936
6629
1908
7682
1640
2178
862
3666
2000
4815
200
9809
8874
5774
9655
7804
6277
2367
5940
3864
3969
210
7094
2956
9297
2297
8655
5085
8574
6619
6917
2625
9188
3665
9538
8692
6240
65
6588
7904
3027
4865
5762
2525
2966
523
3926
8946
1656
1522
3425
1732
1686
9742
5662
5064
9552
7174
6333
4284
3546
3404
6395
3490
3865
7391
374
8622
1347
500
8924
9354
9209
506
5683
7218
2969
4327
9438
1895
7323
614
1344
2332
5167
2031
3536
4471
3199
1007
9847
2767
551
2103
1548
8375
1771
8707
1026
2906
3138
1740
4152
3032
1775
3266
7711
7809
299
8495
1737
7590
5883
5491
7811
682
1475
3121
3516
1446
8704
4256
62
1487
6490
3024
4843
3764
6760
2081
3165
7987
8839
8244
3724
4504
7036
2617
540
3024
1779
4373
9998
2010
3207
5726
5421
4306
7591
9329
3152
4702
1145
8298
3520
5502
2856
3394
7264
6893
7801
1494
2987
9929
5093
4436
4041
1292
71
7547
3893
624
8632
2723
7428
3216
2746
1819
1962
3081
39
2250
5762
4055
7143
8251
3774
9455
5977
7987
9964
4034
4525
8889
3175
5514
8833
966
8724
6801
902
633
1113
4131
7979
5617
4163
891
2330
4893
3629
1595
7001
6276
3963
5598
2296
8294
5229
5553
9762
2263
8416
1291
5291
5116
7365
5849
646
3464
3389
6727
3183
4612
4252
2056
6828
811
2673
8384
3483
8888
739
3999
2937
8595
5694
9362
1107
9491
9479
4048
945
8000
9060
7890
7736
3382
7107
2468
645
3807
2928
7977
5376
1457
1654
9633
8572
8640
5659
7245
3221
5265
5938
1363
5708
1709
2740
9483
9418
113
4145
6208
6826
1432
8457
1970
1835
5198
1325
5937
6841
3874
1280
85
4436
3942
8049
3039
1983
1394
6454
4273
8367
194
4922
1525
6187
8440
1763
6871
9343
8459
4209
9806
5520
3880
4938
8872
5457
8821
8286
6956
6005
1807
3705
9127
1992
9722
7138
6131
2702
5209
1924
1052
2349
4260
9643
1446
389
9440
7818
4372
6695
8182
5861
7087
8696
4889
2755
1935
2421
211
57
9962
7043
771
1566
4134
3026
7900
6678
9669
7238
4449
7869
5994
4516
4656
4024
2067
4080
3203
389
4435
922
6105
2827
5257
6826
7864
8730
5779
3053
6468
9471
9237
6865
215
9595
6016
7060
8103
6075
3046
9461
8591
6921
8880
1935
9879
2174
5660
9902
8571
1906
9280
7537
2549
5213
9455
6924
8200
1406
2106
7242
1788
9590
7505
8750
9629
5678
8969
1831
2052
6471
8516
9594
1610
8947
7901
3707
6931
9100
5678
6990
9748
8775
3561
3050
4152
842
8233
2797
3923
2698
7981
9998
5902
5668
7040
3219
4805
3122
4397
9477
7633
3326
7925
5708
3865
3948
9198
7767
1015
3916
9115
3093
3805
4902
9535
2399
9194
9087
1537
7781
8821
2043
6631
9508
5031
9610
3268
1402
6599
5437
7327
5221
5473
1516
1936
7720
6480
7460
8905
191
7730
5561
1357
9189
695
7718
4727
8881
5417
7218
1181
9992
8077
3052
732
7692
5330
6941
870
908
2185
3608
5323
8544
8009
2911
1762
3879
8235
8453
7687
7007
7770
1011
3531
6612
5758
6705
2095
6587
346
9232
3829
66
6410
2655
8200
3261
8832
6264
2387
4194
8824
5870
9902
6876
1063
6469
3387
9769
4943
9734
7785
8499
4122
5988
2368
6660
4734
4420
2696
5329
4115
7194
6473
1406
8703
2759
485
7272
1900
1227
9324
9436
112
9985
454
1772
7911
822
4304
9798
1341
845
2553
6012
1762
8178
2546
2725
1272
25
853
8077
4788
5075
4410
2922
3141
4392
3356
1187
6174
4981
5750
3894
4752
8018
654
7596
5857
9364
2736
1192
5474
3465
8502
1260
9854
2941
1551
4906
6939
5306
1823
883
6179
5088
1723
4281
6848
4358
199
7425
2015
7148
4404
9785
7803
3609
7378
2700
5308
7839
9368
491
5575
9308
9839
8136
6445
1524
7028
7128
3729
3201
1958
5321
8177
6530
4256
3647
4017
4383
7805
2426
4454
3278
5300
2649
4448
1751
2122
3111
1341
4429
1575
2543
9456
527
5510
7013
5662
1775
6634
6765
9076
8828
1374
3413
9566
7114
5097
7924
6547
2771
4659
2199
1642
6820
6828
2221
6248
1068
4915
8706
7778
2340
150
1998
6388
2611
8739
1553
7413
1355
392
6755
3361
3007
9119
5064
3351
6813
2552
5504
7179
8547
1734
386
5791
3575
9357
5799
9906
8582
738
1898
3759
4893
8533
7301
1490
9788
9070
8015
9581
3451
5546
223
9921
8287
835
7991
4574
4194
626
1510
5128
8116
5782
8816
6628
8670
1341
4113
8524
6999
8437
8817
2814
3111
4539
7188
2609
2923
6909
7061
2720
4990
3911
7596
7563
7470
8925
156
645
5256
2001
5539
4222
4405
5121
558
7337
6009
7923
9693
5362
4476
2139
2991
4433
5806
4587
9676
9708
9921
562
8061
7257
7349
1730
6225
5569
4638
5221
4698
4153
4770
3517
1906
3530
8519
7931
5485
3010
247
2033
7741
103
6901
5173
1526
8141
2166
430
3565
6751
8625
5780
5901
3186
9571
2025
2503
1209
8678
6150
7362
8201
115
4144
2390
506
3891
3043
8325
1593
1244
8000
9497
7606
2665
6479
3791
68
6845
8379
2425
6085
2217
7796
290
2265
4078
9452
6487
9748
9307
398
6436
4217
7616
5468
1474
6613
2929
3231
9217
7330
1033
7646
8111
9171
9942
9529
2599
2025
7550
1037
1090
5328
7121
5870
7565
2716
4880
7656
9012
6958
5597
9075
5178
2284
1384
4665
4097
5468
6169
998
6773
6718
3283
8898
7010
6295
6459
3741
7885
3070
5130
1522
4659
6752
3398
326
4999
6417
8293
9121
1313
4129
7001
8385
6746
3957
4652
9980
5888
3470
3925
6876
3631
6945
5258
6887
767
6935
1777
8395
2893
3588
6160
202
9984
9167
7652
2098
7608
8605
6147
7524
7145
5575
6879
4790
1638
7590
3612
8708
5920
2937
439
209
4511
6844
2284
7552
8473
4265
2060
9050
2852
1855
8035
3917
9666
2309
8427
4764
7458
73
1503
2592
7400
8644
8521
2675
7615
6154
3756
7668
1947
7742
534
2448
6774
340
4710
3744
9603
7938
7357
6460
6165
3118
6552
7713
8547
3719
4109
9095
5467
1860
6864
7451
7229
6233
3676
4514
2135
7562
8709
6187
8149
1444
8758
2940
3476
2390
7371
3830
2385
7844
1373
7988
8081
1163
6001
9064
2711
8135
3324
90
5719
2458
4888
8485
5658
1792
3575
3541
7289
7491
1574
1575
5383
7927
1041
7222
8927
7441
1550
2796
4674
372
3746
1525
6885
2387
1754
4610
968
9371
7843
6518
2266
7502
1600
7684
7708
6835
2457
8906
7226
4701
8763
7102
3916
4534
8843
7809
6748
370
9444
5850
7315
7165
4821
1902
2577
2371
5350
9375
8857
4705
7976
2963
8434
1973
2107
7499
9016
954
3592
3352
8089
8863
6338
2481
8679
7698
5803
7486
423
9930
1122
4526
14
6387
2927
9812
8052
4955
2083
8504
5137
1761
479
4359
8632
4888
8810
8197
2952
4323
7812
3375
446
877
8849
6846
7006
1082
6891
5099
6363
4706
3993
5288
9710
6477
4153
3220
2781
3805
1093
1486
777
7898
8950
3038
2659
6505
2114
7716
239
2710
4531
1888
4221
5696
671
4224
8880
6209
58
3846
9455
1553
4767
633
1441
2410
4621
1281
8998
6490
7952
8886
458
2089
6731
8264
2508
8015
3647
4012
1074
4987
5273
3393
6124
7647
9845
1522
9675
5601
387
2070
1125
6547
3914
2694
1714
4459
5262
760
376
1051
9749
1570
6561
9312
2307
8277
1675
3743
1968
9922
9741
3142
9696
1644
9587
8254
4408
9001
5402
8411
6743
6546
9891
8434
2635
9345
4374
9451
9093
4940
3212
5076
2684
2438
5664
7429
7208
4837
6963
5841
780
507
1739
4784
4119
9812
7192
6560
1242
3255
455
8558
921
8276
4420
4573
2317
2803
8976
4530
992
5047
104
7270
2152
649
7534
6575
6411
259
2794
1488
9646
2916
3393
8157
2547
3152
5602
1950
7402
2690
7850
5364
9300
776
9086
9389
6499
732
1648
3417
9971
4158
6141
1528
5329
8350
6625
1042
1235
6960
8009
2589
7200
8730
3978
9646
195
4169
2998
9474
3959
5502
1974
6686
6993
871
2026
5314
5338
9846
8465
5166
3955
3623
7576
3509
6265
9906
6067
3661
4747
9495
5177
7967
6858
8822
338
3790
9515
287
9003
7667
2337
158
3826
4551
4495
1983
5695
6238
2565
2016
1318
5428
7055
1977
3013
9705
3468
3628
4164
2690
9658
9102
2406
8066
5036
708
4002
5792
8721
4007
7120
8870
3151
8369
8762
3294
6835
9925
9926
3456
4955
2868
6281
208
9343
6359
7085
9015
9994
6000
3387
1197
8728
740
7643
2144
1857
8403
806
6525
2812
5583
9662
2059
7545
574
6742
188
5226
1189
7485
4115
4286
2889
4481
2127
9128
6426
6640
6817
6033
8410
1868
8946
7661
2632
5484
7973
4368
4768
3010
45
7103
8180
5179
8160
1027
3916
5069
8582
1216
3738
2124
2162
1800
1032
5468
9178
7735
768
9419
1543
4000
6376
7393
6780
510
8305
6480
4035
2251
6372
3921
3601
3245
5545
8398
7875
9814
2721
3637
3536
3337
299
9145
1786
5173
818
3082
5990
6774
5830
5239
3746
6118
1276
3900
3507
7575
1131
8946
4219
6037
840
5007
140
7751
2169
2647
2003
9660
1478
2673
9954
6257
4150
8451
3375
7970
8939
3826
7587
7918
7319
9674
7677
4510
4577
467
5287
5805
1369
3264
5018
7817
6707
5520
3326
3025
5959
4792
4263
7203
313
2982
3218
2430
7414
105
1955
1612
6364
7730
5644
5183
4128
238
5352
3787
4562
2813
7510
1695
5705
8690
5228
4459
5775
4612
5039
885
3395
2665
6615
3797
2972
8694
2326
6245
1852
2385
8140
9838
1939
1724
7252
9694
4747
5065
3132
6132
5560
7286
9188
6692
9293
2663
8145
3315
7960
5958
5393
8587
7207
4997
7084
1853
7298
2501
5526
678
2147
2341
1581
5669
8492
5507
6175
6970
6181
4092
787
8892
9672
7362
9837
5090
298
2611
6260
438
8655
4873
5242
7353
6530
3851
82
3675
8211
3409
8446
6443
1704
8855
6909
870
1438
9914
6608
6692
5367
2739
3075
4663
1004
2636
8861
4432
6933
256
8458
1295
8572
7929
1190
3394
9579
9552
9230
2800
3183
6976
4737
3639
931
8193
2187
7911
9881
7786
9442
4984
3086
8093
3810
3882
2390
317
7437
8413
7004
8424
9717
3978
6107
5079
3100
1439
8810
8118
2677
7834
218
8061
9199
5905
8041
2063
9856
4433
218
7339
1018
9185
385
7587
2435
9908
4626
9222
2900
2277
9950
345
3299
4916
2185
4272
4109
756
8587
1194
929
8790
8334
6064
3424
7066
2333
8174
178
210
2242
8037
4391
5123
7489
186
3096
6618
8194
6272
5630
718
1380
1468
5457
7093
7617
8573
3130
3680
5348
8480
7165
5926
536
2673
3925
286
9991
3289
7191
6611
7746
8952
3087
6896
5215
61
6212
8487
7493
5484
8432
8284
122
3762
2623
755
2954
5784
9866
6638
272
2668
63
1085
9298
2107
2771
9718
2368
8785
7148
8563
1625
9645
7364
9143
8895
2778
2551
3184
7566
9464
8426
2271
7757
2524
1110
6625
838
561
2321
3673
4445
6869
9121
1529
4541
3861
726
4656
6784
8706
9470
9014
5484
3523
2973
1819
4786
3978
9795
6651
3331
3405
1426
8130
663
5688
9309
1619
859
9036
6807
2474
6525
4546
2478
6282
4111
7948
2881
6179
9810
325
193
5899
3736
3719
2415
7474
8986
554
1622
698
1307
1578
8831
7361
4554
5626
2386
7052
6906
5932
455
2895
2906
1945
7240
4962
6757
2646
6786
6312
3066
7195
7912
1595
2208
1453
8703
1023
8855
4339
9270
3090
3844
6328
7006
7920
1525
3462
9476
9359
7021
4184
6223
7983
390
3031
2297
9124
7611
4739
3091
9665
1505
4708
2229
4895
9245
6906
1621
2029
6927
8285
5614
129
5849
9567
9167
7114
9590
5872
3387
3301
5752
7061
412
7506
1347
6912
3650
6094
6165
2264
8676
7591
4211
8152
4704
5459
9314
2587
6483
9470
7325
5142
1736
1751
4019
6767
9767
7004
4721
4394
2792
7683
9008
2781
2665
3975
1385
7778
2231
5310
6750
9755
2288
4835
7684
3268
2297
786
9103
9204
5394
9021
4682
8644
5997
9106
8566
3457
1379
2304
5396
7236
6926
3562
1413
1630
8487
1170
9513
7326
4225
7158
1517
5985
2672
8683
1634
9306
3320
5675
6133
4029
1010
2825
5552
7189
5613
4649
7445
4216
4083
785
9631
3579
2788
4966
6155
5587
4250
5168
810
9698
3895
4310
5910
4211
9213
611
7273
4581
5881
4182
9852
1773
2795
1771
2327
19
723
4729
3087
4167
7349
6168
4528
386
4832
2101
7346
436
4703
7864
1587
8910
8899
5563
6650
4918
5063
441
8103
4529
8832
4091
5246
7949
5785
269
9657
5904
961
4675
1622
2969
4421
3535
8315
1707
7170
7067
4870
388
2981
3000
7059
8780
8118
2176
2210
1066
2782
2983
3209
2267
5218
3872
8938
4747
1844
3524
3361
4322
4534
6386
4611
1314
9207
7217
4882
488
8266
2069
1741
5202
3118
4689
1504
5366
1974
6708
5796
5829
2468
7195
3050
1647
8220
2146
7792
9400
3426
7313
1845
9141
9787
8416
3273
9923
5656
1206
829
2877
8134
134
3951
9801
5053
8440
935
1894
5255
4356
823
2843
2395
7826
7751
2813
9609
9646
21
5051
9835
259
18
4803
9281
8564
5215
1034
9649
2047
5001
5028
8035
8319
2831
6394
2144
4685
8262
6189
2436
6793
8896
8949
2145
9568
7889
257
688
3681
8784
4128
5982
8608
5710
5002
6360
8961
3659
2400
3380
4244
534
2411
2675
3426
9896
9093
1171
4803
961
609
5502
8505
286
9438
8245
3709
7791
3377
5738
5101
8294
4207
3648
3503
8582
3866
4228
3658
9171
3784
2243
8155
9392
1615
4901
215
4207
1032
4855
9643
1238
4476
4269
5631
6912
5792
2304
7281
1321
9534
7972
7754
2420
6386
5241
760
1551
9642
7521
8716
3890
5952
4215
398
9410
4661
2900
2116
2217
3988
6859
557
8694
9006
9206
7299
7815
5933
1639
4710
170
9606
7976
456
5789
6151
60
3142
4697
875
6374
4789
8256
2166
1743
6748
3836
5802
9895
4445
129
500
9303
2917
5495
4743
6761
9463
7141
6963
2422
1971
4651
6047
4659
1449
7394
6746
3049
5139
1686
5090
2999
2218
238
2179
6128
7537
3369
830
6343
113
8750
8485
2772
2144
4034
1487
7178
1244
4614
409
5303
3231
6987
3444
8700
5365
6692
5044
6060
236
8681
9973
756
8612
7064
8729
4406
5558
702
8890
4631
7838
841
8362
8827
2235
7099
732
4824
3767
8523
9971
3553
4
7101
1572
8494
2691
2212
9913
1615
696
5761
7055
5723
8944
9449
6536
8741
6459
7565
6777
6274
2864
972
2666
5012
6785
540
591
1007
1495
1190
1758
3695
2802
912
950
8601
1729
2656
3086
9160
9829
837
7890
769
8131
8322
3790
8300
1652
4261
5750
1615
169
7878
8171
2368
2516
8432
3231
9303
6073
6959
7042
8640
5284
1120
901
693
3060
503
2532
3829
6772
6066
2741
2130
6127
4055
6152
3645
3706
1710
833
2017
177
9309
508
5438
5297
743
4803
3372
2662
2666
7495
3323
904
502
105
7000
6507
8113
8324
7705
3762
6767
1757
8475
5510
8196
3241
3615
4249
5992
2627
4563
6976
9385
1285
4780
8676
3500
7877
7287
8777
621
2936
2833
2067
7698
9659
6259
598
6330
1008
3574
5912
2842
8658
2484
1568
7689
7636
4711
4373
5384
1612
9255
9026
8450
7702
1977
4902
1454
6370
8351
5626
4090
1573
3052
1773
5508
8629
2160
4529
5586
2472
1190
3488
2685
6918
4915
4888
1611
6363
2981
7527
9903
4957
8708
2374
5426
4677
7145
8448
3248
2979
2424
1948
5265
2750
3791
7774
1678
2112
4292
2627
9503
9315
6035
6679
9603
8439
1183
6445
394
4894
8404
4925
3349
5825
348
6366
2662
9458
8942
2042
9081
9111
1741
351
5751
2191
4420
9218
2194
1789
1594
1311
1001
8716
572
2880
727
4744
425
5188
7558
3639
1776
3439
7839
5180
1113
1863
3296
8748
7082
5188
874
7320
5234
6147
9541
9740
2006
5804
7069
8983
8300
8559
895
6806
8015
6461
8436
647
7076
8129
3938
6940
4095
6006
859
6093
4645
1947
1098
8321
7338
5193
4939
6231
1361
8694
8492
9610
1947
9430
8641
215
2385
5866
9003
9531
8579
1047
4266
444
4943
2931
4410
4567
8443
4525
4794
549
990
5143
2835
5141
9061
691
7140
7978
3419
5233
309
3127
1107
8345
2357
5263
6514
2710
7749
6029
8247
4290
5327
6589
3773
2996
7125
5709
4374
5255
8976
8756
8794
1124
3113
1984
5179
7671
564
8132
7374
7223
9018
3968
3451
3797
69
7714
1491
3514
8264
4492
25
5147
3222
879
8328
5051
5233
5471
4796
6722
4224
947
2
8929
1741
4552
4717
8002
5684
8134
2177
9183
7950
5912
8179
9186
5821
8024
2202
7110
8994
539
7704
3652
5461
8132
9956
9239
1111
3867
5359
113
9881
1689
7055
7672
3575
1099
7798
454
3025
227
2592
24
5214
3083
359
1714
4142
9075
6065
8699
6798
8086
2121
3195
9377
2372
665
1704
3095
7315
6338
2180
3361
6693
2585
9757
880
4543
3160
4230
8333
4886
4514
6896
1679
2691
4068
6533
840
4230
3976
4317
557
2711
9916
5297
8544
5510
9694
9680
4709
2628
7015
641
2185
2115
1616
6594
8177
7090
8161
4986
237
752
2793
1516
1453
277
8019
3399
6286
7890
3760
7797
7272
7527
4792
6881
1688
8523
2586
9081
6388
3514
2571
2075
8525
6364
6256
6804
9601
7352
1290
3359
416
7061
1556
9014
4857
7461
3701
5818
1211
8552
6111
231
674
1549
1277
55
4109
5140
2757
4584
9711
9563
3462
2330
6243
4411
2901
6939
8752
9966
7178
5993
6269
8578
7030
9264
3911
2181
6012
2701
4995
4362
3046
1933
2322
565
982
4380
1594
8020
5574
2222
4128
7747
7310
9416
434
4596
1926
4693
1049
7711
4107
9062
6076
3027
2864
727
304
1441
6395
2512
6459
1178
8850
6904
5207
502
1362
1648
6833
7435
4924
4468
6192
6413
3286
8913
9467
7931
9885
4612
8583
6133
4018
4296
6666
1023
7949
6788
5879
6550
8469
9918
7152
3119
3523
9790
9859
3301
6974
3161
8336
2452
2284
7828
1280
1773
8993
1863
9522
9909
4211
6312
7472
655
5025
7510
3582
8506
6744
4591
5609
874
6168
4939
7148
5628
8726
5352
2948
5277
3238
9501
1848
4614
8298
2920
7829
6903
9856
5179
1637
4809
407
5187
7715
6206
6420
9624
3751
1668
2095
6381
3075
74
4375
4603
3333
1025
6231
422
8389
7998
2696
2808
4266
4122
6847
7073
4060
3235
998
4537
1245
2507
1748
5624
5542
9332
6185
191
643
4389
560
3339
8447
4852
2055
7088
197
6564
8866
8371
942
1647
3774
1555
52
8517
1620
9404
7209
4552
1634
9785
215
7777
1479
6717
8271
2823
1003
3424
1945
8165
228
1919
8958
6194
7890
8382
3126
4993
3963
6069
2320
896
2039
7824
156
3859
5188
8416
5254
3482
1950
2834
1396
2102
7507
478
1660
2822
8765
6716
9720
4543
1046
2689
1888
3117
8417
1425
4190
7605
9306
3347
9790
3270
3959
7081
3423
8414
578
2078
1145
489
2488
8067
5656
7976
9603
2550
9761
8455
3583
1674
3076
50
7636
1669
38
2910
8658
7764
439
9800
1578
4965
7277
20
3166
449
517
8829
5339
416
9529
5375
6036
5235
1422
5716
9098
5423
7273
3943
3296
7635
3335
3628
4621
4166
9711
3880
5258
1704
4689
9137
7307
5069
8968
9494
9210
9488
331
8821
8122
603
5984
1263
2005
4856
6722
2766
1080
4141
4396
3224
9483
7698
1694
6561
4445
1111
1190
596
2119
6955
8816
5895
6315
4157
5414
2999
8825
3468
8908
352
7747
4542
8743
1103
3320
6121
3728
5502
9091
4521
4185
7069
9972
7247
9391
4909
7698
7903
1716
1632
8532
5783
9547
6127
7664
8541
2136
3176
9684
9142
852
7313
4777
8959
2925
6655
5801
7287
5793
3543
2325
3862
2401
2706
3847
4977
378
4442
5934
5742
968
9813
9820
666
6747
7216
8103
2310
727
4870
6663
3028
3248
1707
5591
7986
7261
9993
51
8584
6997
6553
5325
4158
9868
5936
8962
6417
6477
8067
6999
5465
9037
4957
460
8436
4218
5935
3018
1795
2453
8493
596
6175
2078
2331
8953
8253
3327
7493
5838
7612
4182
3550
178
7815
7326
5753
1949
9960
5056
5762
2847
3891
6913
9120
9731
6933
2982
9000
9875
2526
4364
5899
9538
1448
1132
5955
5090
6474
7266
6327
8979
7241
1498
4712
1218
5859
2779
1463
726
5384
9185
7010
9868
2652
9453
4343
9840
4159
7076
6128
4171
8703
7888
8750
2525
3296
3430
1003
7259
9536
4024
3461
730
6014
7443
5686
2217
8649
1359
2301
9510
4879
312
5726
1704
9534
870
2889
6559
9924
1842
5594
7879
5152
9941
9388
5831
32
5136
3739
5821
7085
4071
7146
9665
1045
4401
4390
6086
9096
7667
9556
6324
6574
3420
7692
4579
2316
2703
9995
2360
9994
4719
2289
397
1791
6530
4200
1730
8607
1973
6947
4815
6614
2636
915
6064
3420
688
324
7071
8367
639
1183
3008
559
4701
486
5114
5105
4300
9112
2052
2751
8533
8272
1993
594
8853
9490
9756
1882
8140
1108
1028
1054
1432
73
8795
6098
5088
6373
5449
4106
890
8926
7729
7415
1715
5916
655
7175
5796
9650
911
8332
7289
5833
9754
5050
1907
9848
462
8411
7726
8090
5567
8857
2885
694
4704
4311
3898
3119
4730
1141
570
7939
9990
9234
6061
4953
2090
4306
3590
7221
5320
287
4459
3044
6035
2131
5587
9020
1678
4709
8631
7323
7933
6591
6861
1116
493
8464
466
5640
1347
4700
5722
8901
8141
3149
8540
5157
9175
2620
8326
6385
5900
9727
3777
1818
9399
6750
8292
3273
7276
32
8975
4481
2594
4019
9900
5933
7110
9535
7235
2823
6861
6123
1130
2636
9387
7355
6824
613
8357
4923
5367
5894
3145
1974
2530
8468
8076
8726
3031
7268
8422
3647
6022
2669
8054
1693
6937
2489
6632
6979
280
9169
2652
1075
7674
7234
2299
9641
5619
4364
3091
9535
7780
6433
5561
5713
7344
6759
5898
2249
6020
2430
7344
4617
7587
6099
8427
1041
5538
9874
1647
9122
6354
9097
7119
260
2185
7671
1824
8407
9333
3338
6668
1637
1810
870
293
4640
2481
3467
755
7838
7792
7814
3586
4065
5960
6273
7510
6953
2621
416
7146
6068
2425
3756
5378
2630
9798
7923
6793
6197
7239
5782
7535
7102
4858
6995
6268
1614
627
6436
5538
6810
6797
3474
2768
9959
4318
667
5356
2872
3691
3679
4899
5095
7717
324
1458
1104
8804
5591
9933
5718
1147
1194
7117
8836
5964
2765
9824
5306
6182
5135
1588
8236
5506
6335
7852
4380
5641
3910
7342
8377
4565
2951
345
8555
8257
3823
2999
775
8004
9016
376
8371
5563
2756
138
5618
8779
4051
2848
9353
1053
3713
4642
8410
9016
8560
2892
3302
4131
1467
5746
9277
5602
4245
1978
4280
3905
1419
8448
9627
6566
6901
8667
5273
360
2262
7447
3430
7050
4878
3410
4004
2946
6556
3282
2809
6150
8422
9302
8866
9124
5820
3817
193
8429
7786
3226
8474
7908
9233
6756
1745
6373
429
4278
783
5944
7552
1337
9306
2594
173
8895
271
6154
6345
9881
556
3065
3668
4612
4157
1508
5151
2349
9650
5173
2013
6843
1122
8930
1645
9580
3031
6879
7880
5611
8527
914
2443
3368
7660
5779
1006
1642
6584
4850
4612
4049
1383
9354
7392
3728
475
2638
4519
8749
7664
189
65
1786
3884
5600
3102
5973
9413
2465
1754
2517
9925
2235
9161
4691
9130
8502
2338
7077
7934
8876
4794
8584
5094
6646
6405
2693
7114
5756
9550
8614
5828
4283
8782
2607
498
3548
2423
9586
7562
2288
8389
1295
5216
7903
3273
8867
1912
9667
3261
4347
7531
2039
7796
7916
3528
9715
2100
4945
3638
9901
2611
9802
9903
1451
195
1333
9681
4950
9608
8366
8101
2637
77
2212
6981
2106
1119
7192
5602
3162
9743
9456
949
2895
40
9054
5022
80
3825
79
4654
6329
1495
9003
4903
8096
5523
1853
526
569
5144
6748
1321
1788
9687
9506
6171
2896
9739
6518
7530
8341
9875
899
2778
8045
4027
5037
1374
2109
4749
5104
7089
7428
601
812
2684
4766
1663
6801
408
4292
1810
360
5392
7353
7784
3898
632
2351
9313
9576
1601
3000
1612
7795
5774
7925
1392
878
7306
1625
236
8205
9963
8133
4619
9301
2032
376
188
6942
5379
176
8986
3211
7079
6138
2244
7602
6129
9244
8086
7799
9629
8858
3018
527
2512
5096
8460
2011
2425
7004
8707
5002
6667
9845
4708
2092
1251
8940
8841
3059
3071
1984
9457
7397
4948
6495
379
1833
9874
4205
9800
6641
5180
9530
5011
3872
9533
5036
4304
5240
5688
2786
5016
7311
9740
6842
7179
6929
3252
8799
5527
332
8098
5230
8721
5294
5087
3174
3552
6821
6548
7391
3631
3402
9905
1013
6608
2637
3995
9429
1301
2186
2365
5772
6316
4400
8137
5201
4676
750
3138
4346
4807
5228
9952
1719
6797
4254
9314
4679
4295
4316
6829
8652
6614
7551
2382
4659
2664
9794
2826
1961
8187
5234
3501
3630
426
6754
7015
4209
9861
1259
8294
263
6895
4883
3406
6586
2530
3805
5891
3118
5934
2600
8416
192
8579
3546
9451
2656
4124
7115
4370
6604
5616
5980
7879
5999
6706
2330
9998
282
1589
998
974
8239
9150
8989
1415
7842
397
5349
2738
6563
4703
3996
9556
1742
9580
6157
53
6005
760
8306
2543
8413
4216
6177
6482
8093
9419
5320
3960
3380
3598
3921
3391
6206
70
4177
516
8408
9816
4353
3142
3895
4365
4880
5067
8221
9830
8290
1567
4999
6419
4644
3477
6814
5145
1186
9457
6804
3607
7409
6296
5922
5681
4465
5301
65
5788
901
8728
662
6950
5057
3977
2165
3330
8186
4866
9903
2129
1305
8649
2204
6768
3109
4677
1396
3150
5920
5581
9301
3454
1536
4700
4205
7378
9122
4095
7913
9063
2824
5950
3476
9015
7659
6410
6442
4277
8423
4991
5084
6798
7844
4571
7933
9533
7019
6664
200
2119
3291
4215
4143
3162
8153
9437
2317
4150
512
7383
6776
777
8706
6866
1760
1088
8023
9116
2171
6268
9176
1131
5248
9108
7147
5056
8229
7250
9166
7134
515
3141
5161
9777
4874
312
3985
8124
8553
6062
3954
8086
1832
3928
6780
6343
8501
5410
9869
3995
22
9373
3123
4647
2733
9216
2882
4617
5339
2503
7452
7600
2162
5063
5784
8700
6130
1739
3289
3000
4334
8969
6540
2020
8144
124
1647
7332
9306
3198
9475
4377
3248
1786
4543
1101
895
4592
3459
5396
697
5673
3021
2548
3292
7545
7759
8892
2242
1901
1616
704
5620
8191
8707
7987
4885
8579
3655
1265
9441
8944
2869
5741
7536
9444
4321
1277
6778
4955
4857
8502
399
5178
893
1087
8672
6617
471
1706
8342
3745
2067
4549
6828
4700
8307
361
2069
7604
782
962
3371
7229
5532
8929
3361
8147
7466
4712
6275
9700
5947
7846
3184
221
3105
1095
478
2737
1043
6398
3961
2078
4056
9299
7246
3800
7183
4175
9780
8602
3027
6026
6806
2028
4592
5851
837
8175
3113
5716
1799
7833
6311
6482
911
6031
4337
5874
1586
1346
7784
7089
9138
9436
4571
8444
9952
6307
239
2714
9896
2564
9289
744
1237
8511
3522
7706
7078
1413
7039
1902
2445
402
6566
5443
1538
1609
53
3298
1363
5924
6131
2232
3020
4452
1927
3975
3226
2234
7010
7595
324
9062
6756
4491
979
7359
9337
5691
6041
963
6667
5207
6660
5428
1186
5082
4601
9971
7136
7467
3957
3550
7100
6573
4966
2729
2034
8658
4470
6967
5739
1362
1724
7743
2787
4626
2711
1562
2292
4216
888
3266
8580
5421
7403
5336
3826
8904
9190
892
7017
2850
9091
2954
8234
5611
8154
204
7152
812
6621
9954
9948
2569
6738
2323
9297
1895
7520
5731
8078
6613
8837
2724
8530
6212
9818
6891
5140
9909
4433
6154
1317
944
5349
5079
7046
2568
5679
9020
7151
1583
7069
5881
7507
3373
1721
7082
9643
8330
5438
7902
2520
3355
8514
8814
3947
3647
1396
3622
3109
9431
2467
7283
9975
9418
5971
6133
6974
7843
9162
5895
3273
4720
9072
8357
2209
9615
965
5856
8007
7652
2487
3845
8774
2761
9807
5711
8948
7223
4641
759
5859
8468
3924
5800
1888
3767
7144
3147
5818
981
9847
2990
4389
8849
5672
6092
7844
3414
3433
3535
1285
8166
214
3868
7027
4217
6221
4406
1849
3392
2237
2666
6982
1530
5904
5960
8045
1460
8791
2033
6697
5136
2212
1280
5760
2250
6112
1583
4767
8251
1985
52
3465
8168
7741
2125
6689
3884
9730
7325
5173
1581
4714
2768
3366
2969
2457
1
7157
8592
7863
8139
1488
4028
68
6422
299
131
4752
2292
8972
6561
5104
6883
2517
3841
6296
8422
1094
2911
8132
5446
8159
2723
614
5984
5506
5821
7559
5882
3798
9034
4130
9307
6781
1415
5161
7122
2326
4406
2481
4329
3667
9816
1128
6036
9777
9656
6263
2527
4697
8150
4901
7923
1775
279
9157
3661
337
3143
592
7535
9036
6084
8472
1429
2320
3047
8280
6009
3832
5967
640
8635
3341
1116
4978
1548
1831
1275
6717
970
2769
5368
1541
4201
6226
3767
5406
1003
6550
1850
4321
7600
3571
6616
3669
6503
1954
1134
2859
3000
3238
9460
7433
9662
342
276
7386
3478
4898
946
7466
6355
3597
4959
2439
8638
960
4782
7935
7006
2414
9054
5377
2679
3364
7731
7694
3190
7083
1308
1079
1172
6650
563
6843
6555
3944
1414
6621
4401
1717
5411
3596
9166
3180
159
2221
7620
7186
5527
8993
6884
6103
901
7228
1070
7779
5908
9504
9873
2603
2086
2471
5128
1628
5760
53
6832
1924
3039
2724
8405
933
6299
2506
2071
2427
7755
5601
9184
2876
9836
7171
7007
8514
3910
5665
3021
211
8652
7328
208
5359
6831
5023
1868
3436
4615
9354
2571
4629
640
4228
2580
8978
3030
3454
6732
6853
1303
9741
5138
279
6697
2568
2327
8590
8810
6775
3466
1225
8649
9462
1187
5086
8218
8781
4161
3810
4548
4568
9083
1556
1770
7394
1016
4459
8216
9595
3108
8776
6836
9097
5676
5930
6282
4457
6314
1145
6878
7422
7274
4192
413
7556
3692
7861
5193
1953
6406
2210
8112
1962
6104
413
3639
7936
1297
5041
5560
2524
1266
2018
1081
2779
6499
3158
8468
1451
3386
7180
8777
8227
6991
3418
9435
2408
5548
2047
2441
9511
3011
9588
2768
5661
1466
8704
3199
5249
3492
6833
257
9315
5684
9096
2170
4399
8435
7098
3866
4168
3839
6714
5894
9043
3085
4785
3837
2254
7087
6742
2343
4297
9256
4640
3157
1569
7289
7791
9731
9139
1655
6271
1893
2063
2058
924
2851
4429
9558
2200
7346
401
1282
4100
4178
6935
6690
8880
8522
3560
9199
2726
9445
628
4662
2572
5881
3781
8653
9473
9935
9051
7812
4504
9847
9927
6612
9011
6205
5054
9806
2239
4057
2777
2567
5847
477
6661
4851
6636
1821
4312
3891
5909
7415
392
8864
6354
6773
3501
4786
5053
5518
5798
8460
4281
1193
3667
7900
154
3856
7520
8101
2823
7961
8930
217
948
1379
3645
8265
7462
4646
9805
7341
3276
8511
1660
9976
487
676
457
2746
6914
3280
5789
3559
9330
1094
2688
1115
3638
6685
1998
1969
6407
2852
4163
7366
3694
4543
9462
1530
9878
2141
938
5460
1335
5540
9786
5463
7254
3718
6818
3596
2590
7704
7756
8029
6248
5711
4580
4896
933
8041
9925
9655
9796
5884
6613
5182
9005
2545
9812
5884
4653
7832
5004
1943
7067
6322
1010
5509
5488
8085
3610
1094
1340
6041
1986
5740
8885
7596
7160
635
7891
9457
8868
4749
4163
3595
4923
2805
245
9212
4998
4453
437
274
8978
8828
1371
655
8561
8887
1826
9299
9630
2868
3216
5902
2047
6009
5224
3598
3011
4282
9443
8861
9872
3298
7551
434
8402
9774
9548
8459
2911
9994
1897
2207
5311
9553
5010
9776
1263
1326
4473
5991
2865
4102
639
5341
9017
2593
6773
5259
6525
652
6798
1289
7314
3432
9888
9785
9691
961
641
5628
4498
5138
352
2202
221
4512
7060
8324
4637
6383
9456
2180
4407
3716
2471
5448
8212
5184
445
1716
3443
232
7136
2098
1260
7477
496
7493
9936
4004
4164
1326
1751
5136
6904
8813
4483
9113
5858
8801
4503
8809
9392
2046
4866
3046
585
5433
8417
3403
2944
5103
2895
8488
5811
2679
2314
6577
8097
7891
6444
9236
5490
7764
8179
3101
8080
7228
6719
4332
2447
8540
3089
422
4739
7202
3293
7029
8939
216
3610
3291
7650
8450
1945
7672
1045
8670
8972
7814
3328
2322
2858
2116
5056
7592
1789
7755
3959
8418
9192
9772
6527
9163
7625
8472
7564
6478
8586
7883
5149
512
7194
6311
4003
6083
2627
1126
1124
668
7479
3826
3747
165
1818
8164
1176
5240
563
3670
8813
789
6094
9219
4895
8546
1458
6514
7794
8187
3417
1286
4560
5425
8728
832
9389
6524
1488
93
4097
7445
4181
4925
1346
2365
126
392
5366
754
438
4014
4239
4332
4339
8697
2403
5283
7646
7773
1986
4909
640
5064
6817
7528
3147
6130
3523
7893
1632
3020
9976
1655
377
3718
2556
7453
6417
9232
170
6135
5784
5796
4792
7270
6852
7027
5395
5644
5065
1018
4576
757
2209
366
4940
457
2499
8883
5335
5808
7255
7366
5427
8053
9672
2227
761
72
1321
4970
9477
4174
2384
7607
6124
5214
8364
8883
7659
3045
7016
8927
1647
1162
596
5350
6895
8996
170
2157
2357
3785
692
3908
973
4205
7835
1503
1308
2005
130
2681
1348
9795
2907
9866
5614
2811
3697
347
8877
6
2323
8957
7186
5142
2707
1362
9666
1666
7611
6911
2601
6137
1954
3549
687
3700
5147
3754
9013
5701
7966
9655
3333
3889
4895
7566
5507
7891
8562
6970
5565
2614
8937
6716
1841
79
6293
1620
5827
5813
3570
5983
8953
3376
771
6624
4394
1866
1257
6953
8173
295
7442
5331
300
9652
1234
5516
8548
8124
2843
4323
4526
7489
46
1828
4187
8996
8874
2393
2617
5194
5819
587
6048
116
1131
4705
2363
3979
2539
1968
5076
139
8834
3730
4748
1425
3136
6084
6112
165
6392
1056
8798
1244
2669
6306
4479
329
9147
6684
3507
67
5380
9307
9663
5467
8324
4911
2508
5979
1937
2173
3013
5825
2743
8384
9641
6030
5619
9443
8847
1307
7323
4456
6095
2448
8766
5417
916
207
908
415
2278
9778
3259
9591
8599
5940
8480
6711
83
7682
1327
5572
9781
7711
5263
9770
3719
6610
5482
6316
9802
3629
2794
8503
9761
6091
8842
1056
8399
7223
9466
1100
9589
7850
9668
1748
9061
847
613
1232
9882
8491
6367
9416
7700
1944
5646
5240
9329
8963
1784
