6901
7243
7054
6237
3404
2940
8620
4709
5621
4173
7092
6541
5329
6338
153
5053
2900
5882
1667
6895
3096
7337
8806
1037
6707
6694
3848
2665
5018
7089
427
6286
3557
1350
2410
6043
1317
7390
7232
2896
1779
6626
4554
7634
2426
2702
5361
5924
170
7580
6289
6600
1135
4783
8869
7223
4578
5031
3630
1561
2368
7786
4560
2106
7444
3371
297
7002
6879
4184
4587
4803
7854
312
66
2410
7660
4361
6213
1195
2128
2665
4431
3851
355
5236
673
9809
7494
4759
8752
237
1452
5752
5528
4527
3881
8601
2557
8991
558
9603
7441
5016
1374
7374
2138
8346
5545
8027
4775
3329
3364
6372
6138
5999
1844
8045
1947
7670
7940
7991
7262
6357
9687
3965
9924
6796
2555
9854
5801
1082
5588
2535
9806
1024
9510
7688
3119
189
6838
4568
8887
8335
2294
7044
5765
3393
319
8415
1113
6536
5313
478
3390
3959
9416
3115
6365
4971
2058
9268
6113
9760
5323
1593
5459
1739
9241
1299
9516
8790
1521
6747
293
4919
6950
9192
7923
8832
2733
5774
1053
8761
7341
5290
9127
3540
2131
598
4884
8321
6932
2612
6243
9632
3089
4736
2948
8525
21
3351
4821
2440
4278
9466
5282
6138
3269
9044
5924
9534
9377
4642
5363
5600
3995
9000
8295
4648
5202
2012
8808
2225
7210
6092
5304
6643
4541
1388
3108
8724
8944
1515
4829
715
2475
2514
7818
3546
5888
2611
2735
1599
7481
7999
7116
1987
3909
364
3118
969
1109
5147
9148
3574
454
5660
974
3787
2514
7055
9066
1679
8410
5926
5460
807
6637
5809
5178
3844
1432
6237
4416
6968
7323
3158
121
3805
3293
1501
3295
7910
9168
6483
1480
8672
6300
8816
4186
9320
4376
445
8752
7260
6295
1611
3087
6363
3426
7140
6083
8037
4304
9658
6076
2892
827
129
2681
7667
7351
1580
7573
2694
9758
181
5330
3632
3494
8922
6334
7475
1884
3089
9909
6889
8611
3422
7350
8826
1123
2414
1337
3074
4982
1559
313
3888
2669
2493
3856
3189
4196
2995
7820
6944
1054
9579
6062
7281
9438
2000
8962
1672
3535
1460
7602
7069
4675
3468
6485
1272
7601
8400
6960
6009
802
7628
8169
6206
3881
767
2222
7764
1267
52
5594
1771
8249
1187
9259
6559
2229
6045
5965
232
9421
1587
4231
5404
4776
1045
5143
4745
810
7971
9821
644
9256
1118
2568
4793
7953
8276
7127
3839
4244
147
1220
5364
5291
1179
7612
4420
5199
2829
8288
4591
8583
6183
2036
9127
339
5072
4713
7098
1749
7850
5775
6683
3777
5898
4273
2752
9439
9521
2456
8691
8463
7450
5358
3073
9104
4388
300
230
3958
2208
1119
11
8861
4256
8109
6128
6591
9015
6145
4329
9949
8855
298
1381
2035
2011
324
3308
5058
1049
2887
6700
2835
9084
3076
4
6319
5801
4876
2669
5932
8929
3592
8795
9253
3232
1905
8473
7730
8326
5270
4422
1450
8640
1618
3694
6726
3735
4993
4268
7297
4821
2653
4129
6259
3812
425
6101
2505
4553
1656
5133
2408
1937
977
5997
4763
3574
5250
8437
4588
370
625
3678
9281
6942
6357
930
8862
134
3227
4988
517
4082
6801
6393
6541
3212
3508
3737
3893
417
599
3632
3073
6180
9383
7639
3761
5901
4852
7021
4796
6861
3774
5562
6434
3323
7658
7902
3564
8117
6596
5832
9557
1727
4951
7838
1807
5363
55
7800
1609
2805
691
7190
3054
6917
2953
1419
7829
605
7308
4986
5454
8788
2130
2035
1349
7416
5823
8572
8350
7995
1740
137
834
1177
7557
4020
4421
1023
3494
8282
8399
2259
1835
749
2459
6524
3563
9927
4119
9975
6618
6372
8295
3851
4278
7391
5887
1670
1452
209
3931
1536
1318
8675
5947
9742
4666
6470
7401
2317
9522
5367
7860
4443
9233
564
8422
3803
3016
6359
206
2809
4193
4526
7351
6391
7797
4601
5811
6589
1068
33
7496
2524
7454
6618
7787
4492
7179
9982
3333
3911
5180
7019
6167
6639
268
2109
9639
5785
7742
2727
1443
1542
1361
628
9116
9822
9580
4144
3766
8482
5262
4370
8510
9816
7683
2996
9129
627
607
2379
5789
6700
421
9069
6302
6744
3893
473
3412
2037
5996
572
810
1857
4385
4715
5219
1564
8662
5349
4753
9705
9321
297
6996
2893
3401
2665
3748
2345
1338
6792
3243
3984
2188
7803
4782
4758
2515
3263
5187
1472
7550
4180
1271
4808
1963
9207
7583
470
1537
232
4113
1403
6365
9801
4336
9924
810
769
13
6211
5387
6435
5487
154
983
5050
888
6784
6377
6003
601
1654
5897
6292
629
1441
5247
4930
6096
