1849
8116
5891
4150
1837
5657
2841
6739
8263
2236
7321
6246
1681
6524
5850
4093
5657
5649
1669
5691
6516
4588
5637
5813
8196
9360
4518
2112
4365
9013
5330
9705
6250
3606
8397
5946
8660
8019
8426
5989
8615
4316
2506
6542
637
8581
6264
7366
324
1695
4582
7466
3108
7345
1257
5680
8250
4716
2776
3445
9084
7774
4990
856
9245
7821
7871
5842
1237
1097
2781
271
8035
8611
8713
6089
656
1068
8814
9232
4596
7820
6190
8988
5902
5090
8432
5702
3241
5352
3627
300
5808
6751
6711
4971
8143
8685
3928
5520
2031
7285
4897
2404
2521
2416
6334
9274
9805
6029
8817
4953
1213
251
8148
7233
7890
2387
5873
4586
8868
3214
9261
4974
1189
