3565
3015
8946
4379
2835
9048
481
5033
8602
462
8800
3079
7962
2711
5725
6246
1278
587
3616
4839
4273
7203
4272
1337
6239
7634
3442
6431
3895
6751
5046
8036
2192
5501
7472
7180
516
2377
2789
4825
5153
7143
8595
6657
6636
2045
1348
8679
3630
1635
9495
5044
3413
6147
4485
962
2661
4891
7859
7781
1251
5557
2982
4343
6119
2486
714
8594
1796
1983
9345
6086
9202
5591
438
7495
4517
2839
3892
5548
5506
3468
7494
2879
3519
5365
8506
6253
5625
8522
7409
9288
2763
7226
6855
5396
6661
2374
2050
4978
353
3313
2359
6104
4576
3945
7729
5859
5059
962
7695
343
3796
3005
5184
4933
729
8343
2129
2783
983
5191
8961
8822
6768
3220
5471
8507
2378
6953
6253
5478
5335
1822
9926
9888
6650
1404
7725
9702
8437
53
3649
511
7643
8562
5361
5547
563
1751
2277
6464
3948
5951
4885
7219
5048
1250
7241
7876
4714
8041
2779
2581
4808
9946
2132
6034
3606
5501
453
5854
621
9108
928
3943
5324
7748
590
8618
2620
3653
4349
669
1608
4760
3222
719
3157
4119
3157
2335
6129
6637
1561
5175
1703
6558
9655
5097
189
1879
130
3698
4950
2570
1214
7969
3638
7867
242
1913
7775
4222
2080
5850
7933
9516
345
5893
3237
1057
2275
5590
733
4576
1295
4102
2266
8932
4872
456
3972
6569
9079
1351
6205
2914
5431
856
9793
8820
39
3867
7880
8953
9888
1658
1287
5574
6128
7079
9347
1557
9691
8963
7424
8674
237
221
7000
7209
5459
1688
4112
761
4141
4351
7176
5738
2967
5799
5785
8501
4093
2895
7953
4372
7734
1562
4437
1779
1611
6307
5281
1716
7021
6645
5520
7379
9491
4955
4117
1359
498
434
2613
8083
5595
6833
7740
7346
3407
7415
5287
701
9447
9199
886
6254
8471
9968
7062
8986
9165
5738
4889
3072
5375
3430
2894
9926
8798
3357
5484
639
9077
8769
8083
4374
8574
5213
6430
4844
760
737
3032
5508
3114
9070
4632
334
7698
1837
763
1086
5161
2589
4905
3942
842
4964
6610
7980
4833
9662
5067
5563
1396
72
1993
9960
6976
4371
4509
8719
188
2712
6698
2206
1625
1700
1910
5519
6116
4807
6575
8535
5133
6572
264
3256
2465
491
6059
9795
1989
5344
9885
2360
2369
2392
7441
4430
9887
6331
2541
7932
7234
6190
1295
4678
3062
8485
2397
9601
4380
3808
4971
4375
1445
9819
1928
6904
2718
8092
8588
6856
5672
9673
3451
9939
7729
4323
409
3913
492
1440
9462
7507
9550
6421
6045
9302
1603
4833
7429
7472
452
8186
8380
2763
3458
9315
7203
6564
490
2433
7642
3036
8093
2772
1720
9351
2630
3366
3520
850
7494
2056
4158
8613
1128
47
3771
5356
4561
4471
7196
1833
9453
1318
6191
9993
195
1833
2567
1045
6556
5009
3393
6242
6555
1173
1542
5753
2753
6803
2306
6269
9028
8724
9530
1158
9024
6601
2782
7916
1930
6252
441
6411
6022
2734
2261
8024
5506
1362
8990
125
1563
6886
5881
2568
4249
5875
1602
2870
7905
5066
3958
4566
9077
8862
9071
8875
2593
2494
1254
3255
8418
3457
6654
1670
9164
2732
4934
505
5738
9042
9757
889
6503
3945
641
2945
3540
2898
5872
9958
8127
7604
8592
774
6389
7937
5936
6908
5210
7515
4116
6747
7996
5611
773
3024
9606
9505
9538
1299
9896
5593
786
6562
5693
4632
6843
2289
1761
6343
9554
1265
2297
1253
3008
342
5894
3154
4515
1901
8505
3823
2438
3266
933
2780
381
1548
9650
8751
3407
5508
2311
6245
3456
7854
2257
192
7927
1154
9504
3944
7533
7999
9229
1105
6947
1410
2618
9630
4507
4588
9087
7440
5312
84
3341
2382
5399
7196
5527
5797
3383
3003
7807
8174
9929
6794
6098
7422
4735
9882
1410
5132
5320
2786
1282
3879
1854
9583
8099
9082
7490
4878
7775
2248
4240
2275
9213
8496
289
4508
2248
219
5826
4444
9368
433
966
3068
4382
3913
1146
5254
9460
1584
2500
6635
461
3785
2136
5208
9305
1005
5991
9442
1327
6480
13
612
4966
3663
8748
826
963
2960
9130
9808
8299
6380
6257
2858
4514
5789
2214
9638
8768
283
8681
8399
7021
902
8921
3147
49
6353
5066
1807
6665
1716
2105
1972
6482
3197
905
7008
8809
5945
8726
9412
6899
8613
7237
178
9619
7959
4800
2640
5869
9075
1938
6743
571
2036
6321
5056
4903
3726
6363
4936
7609
4377
548
2231
8648
1992
3019
638
1265
4209
4593
7443
3619
6400
2414
715
6516
6855
707
5258
9512
4725
9763
4599
3675
4100
189
4157
5619
8045
4701
6323
4099
9719
324
1667
7397
3823
9677
1740
7008
507
1272
7978
736
5612
5186
8164
6200
5680
2314
6526
3951
3475
2513
6136
7959
9976
9378
2517
38
1736
7141
5573
3929
8326
8245
2862
4250
3160
8491
992
5263
2439
371
3516
4515
1153
4167
3066
6821
2149
715
2672
4733
4097
9355
6220
2712
6884
9504
818
3512
8415
4554
4499
6973
5107
2341
1099
3358
9470
7294
437
5659
2067
5577
5994
7873
1893
6006
4149
9158
8735
6347
8762
6995
3454
6712
2375
5991
7258
9203
638
2819
9065
5700
9703
1913
786
3744
7264
1039
4024
3840
6698
583
8035
166
322
5550
8098
713
2163
4605
5415
2130
2852
6250
4553
9214
9249
8225
2107
8891
9223
2576
719
3793
7666
5471
5901
1072
3248
7822
9205
7996
6690
29
186
7011
403
1771
1366
9479
6217
5641
4910
9102
2640
1678
7106
3145
5576
8314
6889
2028
6763
4157
7643
5580
2337
4132
7294
7312
9844
2989
316
6446
5831
8958
6685
1093
7658
413
7051
4998
2621
8817
431
4548
4617
1922
581
2386
3639
2240
9878
8870
6170
7111
5016
2909
5219
8377
7106
9209
7151
1614
9881
9883
8757
7147
3633
4512
2055
7674
9203
4290
6220
226
5924
2643
5715
3373
9763
6866
1231
4164
3036
