451
1999
3250
9712
5660
5558
4644
1987
3686
4336
8550
3449
3271
9688
7863
4730
986
4801
322
8400
7263
8502
3382
6532
4845
5020
8973
2176
9597
3173
5192
5680
5111
6204
4236
6535
8027
7876
7149
2881
586
1300
6340
3680
569
4471
6256
3109
6489
519
1053
2771
7650
1256
5695
4953
4547
9788
3488
9347
4946
1647
8754
6409
4954
4223
8064
2843
2408
1078
7280
8558
1973
1170
4480
9918
7504
2957
789
1076
7428
9903
2117
3766
3152
6993
4861
6037
8852
7532
7718
2129
3388
5710
9966
8918
1535
3211
3760
9179
2249
7481
4341
8298
6253
5193
7371
8997
3896
6885
7057
8151
6907
7827
2205
813
4472
5723
9905
9220
4857
8046
8128
8728
8718
503
9239
8377
9188
3429
6118
1096
6834
4724
1408
7451
4680
6406
8263
7266
9616
6763
7899
5442
1731
1670
5218
1888
2361
6706
8846
581
4995
6372
6031
9466
550
7929
6011
1179
9994
5167
7706
4356
2822
1749
8894
6703
9451
4685
4378
3912
9247
5978
85
3036
3626
4490
8512
4970
5395
689
8510
8355
1379
4105
8970
6357
5223
7011
1683
8581
1254
8168
3361
2643
8281
7288
616
3843
4305
4291
4544
6799
9240
7409
3507
9897
2960
696
3659
1996
263
4639
6844
952
2647
3188
4585
5193
9214
6760
5059
2850
5459
