66
9310
1797
8805
2314
4265
6992
5213
4951
5599
9222
146
5932
3706
4077
9820
8567
9485
3935
2136
6281
2496
4814
6877
8997
2951
1171
8356
186
5959
7775
106
3922
7051
9479
9550
6801
6468
1646
1634
480
5961
6281
4370
6744
5914
1502
5939
8537
2491
4880
2545
7162
4203
4385
8582
8018
4806
4230
5823
4626
4755
6701
6325
3479
6578
5238
4543
286
486
8498
7736
1561
5287
9888
176
4181
6242
2150
5888
9523
5907
1998
6703
8140
6164
5488
7248
5482
9698
863
6169
9172
6964
1920
3360
3550
336
1613
6266
7758
590
2582
4422
9525
2100
8537
311
7975
2244
8050
6364
5291
7348
192
2442
8851
2248
9658
5517
2606
3010
7570
3416
8867
2717
2961
7490
9431
8318
9115
4836
8032
2531
8384
9339
4465
8507
8886
2170
4423
6569
6586
6651
8060
1705
6637
9412
4633
7691
8594
9620
164
8750
1131
737
11
2441
3230
4737
8474
8148
452
6997
3131
3946
6885
1188
2444
910
5614
7414
1391
7993
3162
3553
1331
2483
6255
9324
7165
753
2446
4928
6929
1516
9713
1314
6414
9137
3924
7048
4158
7671
7258
7614
171
7251
5106
6529
5182
3219
3775
4092
5824
4936
6374
8829
5205
5640
9698
8698
7599
6861
613
4018
619
960
6471
1715
8161
3156
449
972
2661
42
9320
3672
5749
5049
8142
9089
2260
2566
3649
1258
3761
1495
5666
9117
4208
5923
3825
4102
2195
5263
5025
7218
1349
8747
5649
7759
2868
9470
1334
8849
1936
1311
6310
761
2822
8023
3710
1567
5814
7518
8099
6090
2837
5965
1506
8374
7609
5709
4676
9903
456
8181
5943
5675
7578
8023
1188
2887
9445
7453
9649
2482
3277
515
2012
2080
98
5342
9184
9942
7732
8788
2419
3508
7300
1867
8046
2800
2248
6341
2959
8502
5763
2455
242
6902
4549
5373
7829
9032
4354
3153
6920
9329
5398
2261
1048
9924
3916
7559
1140
279
9355
2450
6695
8298
5515
1470
8290
8277
7853
1964
2020
3086
8510
3700
2208
2841
5247
5287
4713
9984
367
4068
9545
1177
1000
1820
8112
9682
2632
2011
7397
8035
3670
5651
652
9725
9980
1820
1758
296
4867
5867
8330
2870
1739
2952
6827
417
3837
7122
1487
7265
7831
6422
7710
5328
5845
2707
9692
6327
3507
721
1555
9868
9
4824
1009
8656
9827
3262
4656
6387
4766
9317
4454
838
9273
5821
5575
4597
1617
4565
6909
8492
8422
4941
6806
8277
329
6776
8303
3418
2086
797
38
7940
1246
6400
1337
7179
5842
470
2539
1057
2884
2901
4538
3990
6353
4137
4709
3941
5463
7596
9947
8251
1409
5125
1343
1896
3556
6804
9215
4585
4088
7332
1636
6727
3497
22
4405
720
7966
5968
5477
3216
3734
359
2282
6088
2770
107
6061
8666
8776
6949
3387
1465
2410
8028
1368
2118
9904
1581
9680
7527
9788
8808
9545
2324
8310
4259
7041
2664
5311
6156
5723
6110
8831
4926
1423
2895
8504
2961
326
1198
4930
1079
9936
9260
4655
7530
1381
112
8104
3497
661
511
902
4990
5905
4252
7372
4816
7480
1473
8666
9838
7877
9756
7015
8169
8708
9924
1854
8103
2852
9230
3220
5620
821
7339
2746
114
1748
5971
2809
8627
1060
1356
9972
7334
8847
9765
9698
5248
5219
306
5507
9245
1552
5867
7269
1321
9378
2678
76
8761
1936
1277
7308
5352
6898
6848
8912
7140
2622
4892
8666
9326
4451
8935
2252
1879
2030
655
1332
175
3373
9138
7510
3562
6542
5291
4049
9127
5142
9399
2518
140
9611
4735
6170
8663
2254
7746
1776
9624
354
5853
6892
9309
8301
7169
91
4656
6682
2561
7545
991
3526
9380
556
4951
486
7937
5097
6172
4659
6307
6252
6069
4935
6437
7545
4508
308
4673
7607
5507
6413
2802
4340
1245
5703
1515
9818
9582
6144
6773
7530
4082
3084
995
7245
7080
9036
5210
1772
5727
6516
5348
4210
8154
9789
5710
3880
1877
2417
5321
4087
9437
8799
8334
5076
6839
9605
7967
1127
8862
2907
4543
1601
1532
5131
2121
1904
6144
8521
4941
1866
1084
4702
4435
5820
7425
7163
9929
780
1757
8979
1303
6566
5041
5962
9874
4449
9427
9537
4546
8964
5892
8155
3886
890
4344
780
1187
8096
4395
1113
8818
4929
9391
6594
196
140
8493
1945
2577
7952
1592
3037
1521
6822
9701
3214
8357
5667
9059
840
5295
7908
657
3808
8890
9543
8145
4029
1535
8631
6163
2496
2320
92
7996
3431
3214
1492
6191
4219
3800
2656
2247
6381
8035
4324
1827
1650
9414
8863
86
6394
6774
9058
7629
7059
1524
9417
1406
9111
8536
8076
6385
2027
7148
6385
3278
3290
5774
7598
4734
5050
3464
5648
7474
8152
4433
9989
639
9559
7047
2673
1252
847
7055
9416
6175
7417
5940
7281
6148
351
9212
7761
1629
5408
6154
5567
1992
6572
2106
213
9362
4776
6710
9631
5872
5947
6700
2442
8433
6344
9817
8304
8280
7343
7212
3776
3449
6249
5284
4510
1162
4520
4354
3297
3618
9847
776
7439
5100
3973
1131
8263
494
3804
2016
201
5347
9422
6587
6776
5366
8936
9523
6111
8957
6752
5321
9102
9796
8821
1000
9281
7716
5683
3140
4576
5258
1726
967
7673
4113
6967
1700
3476
378
5892
1744
9293
83
6393
7481
5812
6725
710
2381
4664
729
9397
2949
1420
6654
8835
4639
1274
7770
2559
257
8287
9162
6768
7631
8133
9930
784
345
8518
2241
3948
5209
1130
9997
1443
2773
3861
