1957
5748
1619
6721
3901
4495
8782
4031
4055
6425
9837
9394
2527
1184
8931
2275
6649
4567
5180
3945
7167
8572
8806
6928
7851
9922
1514
4349
1552
8054
1189
3502
6510
7479
1317
2689
9027
7481
2343
4187
2473
4181
5612
9069
8082
6124
489
1505
9931
4783
1811
1181
5125
5609
7898
2510
292
3609
9019
8418
7194
9815
2430
4666
3532
1469
2881
7916
9804
9252
6832
7021
9469
9495
4539
2405
7627
7914
6620
2824
2888
4149
768
2249
8196
3134
9860
2218
8998
166
4861
6564
1327
1430
4676
6130
8126
686
336
799
9460
5862
2801
4999
1123
6337
2033
647
6611
2902
9984
8482
9412
7519
1671
4688
6134
9330
6593
4750
6133
6658
7440
638
9976
2152
4211
530
7319
9677
9692
2583
4638
7068
6561
5508
4557
8452
7300
9092
1529
3477
5577
7241
3078
8498
1771
4575
1898
6537
5940
5193
1720
8657
8657
8791
9062
9293
3892
5047
3708
2035
8361
1865
3104
365
8666
6912
9700
9952
888
4719
5749
5222
7336
3559
7038
3160
1627
7278
5608
1535
6415
7331
1658
7089
7717
9359
6485
1625
6014
6844
1600
370
7089
1595
3948
7513
4902
7120
3555
8412
4733
6312
7849
6577
7255
9286
6415
6271
3274
706
1003
8325
4445
8466
8246
7578
7423
7233
6705
5292
7673
1004
5654
8782
4373
8579
292
3575
9772
4653
6967
468
4708
7090
2439
993
6993
7850
3192
8
904
1059
4391
3413
4104
6725
3193
2295
2982
2740
7818
2219
8621
971
2028
7831
3389
5478
4494
8448
2481
2203
3890
9911
5673
9832
3495
1593
1988
946
3608
5180
4033
1087
6105
3597
9352
883
3140
4301
3296
3020
1138
1018
1634
1490
2015
2006
1413
5314
5855
898
5424
2701
3156
8282
9025
4505
191
8331
8067
7728
8049
4949
3179
835
4463
6245
8766
2670
7677
4392
4766
5898
3278
396
5369
4045
8191
9699
1749
8470
821
5091
5173
7882
2743
7971
2744
8391
5226
7646
559
6496
3441
1053
8034
897
2218
2080
2782
1588
9859
448
7589
6267
731
5065
9726
4799
3054
5671
8148
2190
5690
9630
5960
9345
6538
7809
3943
8713
5653
4624
5903
8886
8142
2522
8141
8171
5512
464
3429
2229
9226
9275
4558
4964
6945
4151
3713
5034
171
6028
1733
2586
1816
9082
5668
2125
3611
1164
3918
7763
6214
7656
5763
6560
9335
6903
6062
4105
5339
7181
6562
4083
7318
955
2358
143
1911
2097
5801
4090
7816
5686
427
9135
3315
8017
4313
749
9979
6541
5696
528
5164
5593
3634
396
2921
3976
3057
5456
1489
4719
6606
3857
5694
5686
5369
1155
4235
2078
6792
4805
5113
8348
871
1682
7271
7539
5034
7806
2872
670
4082
4818
2608
7409
3962
2177
5910
1981
7256
7536
9014
5056
3785
289
6451
3134
1960
4926
5722
1906
5175
1453
681
8969
2850
9945
6438
4318
7577
5011
7505
4112
8211
3891
1324
4354
3748
8778
1316
6334
4332
9966
