709
6947
3602
9246
8526
2322
626
5410
8750
8470
3987
2610
8132
5271
870
9162
9017
7521
2886
8330
1976
5731
481
1138
8494
8967
5900
720
6539
6328
1692
6667
5866
6270
8490
9365
1840
5850
5303
1111
6231
5230
7955
2910
938
6240
6437
3287
5955
7691
9930
8212
5988
4262
9055
9254
1112
232
8493
501
5580
4123
9557
3400
5521
5407
1491
2738
581
9822
2355
6228
6831
5548
5178
4817
8211
8548
2734
766
1645
1684
4780
5776
6581
8886
4884
2005
3148
2616
71
4695
4411
134
5432
6288
7229
1674
7576
8430
3170
1521
5336
54
5563
1215
3498
6849
1345
2612
5493
9866
6630
7383
3964
8746
3087
8685
3906
8118
8162
178
1703
4079
5935
7377
4768
1353
6964
6373
753
718
4875
5386
2315
597
4628
5321
3290
6339
2433
6509
4789
5617
71
179
5197
8658
7044
4821
6380
7536
2412
9607
9458
9650
4422
9271
7479
6697
142
7463
8992
1915
9150
8487
6116
5208
5070
538
3019
7873
6225
7086
5905
6069
2020
6887
3566
4936
4782
7268
8382
3305
7762
9762
1210
2324
8723
1989
61
9
5148
4720
1662
7695
1472
8504
7065
3723
922
9920
7293
4247
4596
3558
2702
1054
8200
2164
205
1459
2509
4033
5801
5956
7079
3711
5943
5136
7976
9317
207
8576
9361
7410
9460
4914
5676
4208
8237
4091
5859
187
7425
9907
3508
3619
3489
3443
7279
7424
3481
5638
3899
2893
832
394
2134
3274
5560
7930
9829
3
3935
1794
7680
4450
6845
1929
2800
8436
3194
513
2348
7519
4485
6900
2468
2036
9394
2908
644
2253
2676
9983
182
5617
966
5274
4000
6064
9190
4566
1144
7614
5198
6177
3549
7074
6965
1425
2414
3572
6234
4078
3296
5847
4859
3318
6497
1760
5227
2181
4676
8326
4166
6184
2733
4698
492
4899
5958
5028
9990
2609
1215
2885
8009
2864
2482
4004
9094
5733
6465
9526
5133
5891
6204
7643
8307
4249
590
7529
2857
5812
5529
5826
104
1672
8154
2580
4485
3590
8891
486
4459
5531
7478
8578
1056
7633
8089
9108
8562
4658
5610
4209
6388
2717
9817
7212
8515
5224
6679
1964
7075
1435
6400
2352
9603
8700
5868
3389
5302
2585
9190
4675
4238
7406
3727
6831
4826
3410
600
1574
9184
5794
8059
6514
2965
5108
3269
6483
6157
8159
3097
4185
3965
3519
7311
4344
2415
5914
8204
7155
1578
9411
9150
8789
421
108
824
9015
1220
5275
7895
8571
8194
7353
908
1797
4541
8041
7740
3299
4448
9811
6539
901
1774
9633
7377
994
5114
2420
2985
6551
9717
9778
9873
2518
358
3009
9913
8084
5674
7976
9022
417
3677
3482
3979
9850
245
4053
606
2209
7201
2717
6526
24
4283
9207
9586
661
9779
4362
8617
6111
7886
1961
6668
6092
6966
5175
8134
3431
1776
5938
227
8245
4500
2087
6158
5383
3909
8877
2083
7759
9386
8645
2368
6768
6670
4788
8076
9792
5172
3991
1675
3964
2515
3681
6949
4821
531
63
6833
8241
8391
5771
3481
4167
2743
5160
4233
1002
1805
9572
4384
281
185
4542
2628
2252
3885
5800
7906
4333
424
1240
6995
6064
7283
1496
639
6134
3019
2722
2278
9344
9271
1280
7501
3943
8631
1591
4231
2688
2895
5163
3368
4189
8547
979
7082
4606
1518
4809
7332
3649
1212
7793
255
2913
4617
2681
3069
9123
4878
9483
8871
9570
5182
978
1278
2145
7966
2502
5257
7775
1570
9773
2686
8763
1249
3102
1184
2573
9165
6275
2586
6935
8447
3660
3069
8794
9686
9615
377
6583
4351
165
4859
2601
8520
8090
101
9825
2060
9059
5830
5427
2900
8259
440
1446
3447
4074
3029
1610
6300
7818
5148
2140
9447
6248
574
3499
6894
6666
7411
9552
9274
2765
549
323
431
3069
4086
4676
162
2802
2724
9618
371
4343
8323
3632
1738
1026
2815
2498
644
3975
1523
7372
1628
1933
1513
6556
8874
9574
8126
4353
1392
660
9020
2684
428
8601
9196
3707
4395
8462
2304
4613
6136
1255
3277
8959
9712
3504
4806
2440
9034
2459
5514
4826
8677
133
831
3957
7982
7337
8488
2135
3157
2300
9338
44
8512
7118
769
8398
7184
9287
4361
2940
3755
4860
1643
4097
6015
4414
1795
8666
791
2922
3002
7191
9241
9880
4756
7389
293
6596
1873
913
7043
3409
2265
8028
9793
805
9545
2377
1192
4861
8458
5876
3440
9293
5805
2042
4897
3472
2066
4536
3591
8211
9217
6568
8103
8892
8388
5961
2093
8518
6964
110
7344
1683
8473
4884
1604
4112
190
1576
1745
1430
2757
6419
9799
5101
3348
7905
9275
3150
8861
8145
1831
8131
8515
5892
9868
5147
5791
434
8875
8185
8158
7600
4489
3982
9262
1331
3124
8764
2319
6904
1768
4719
5368
4773
2082
9871
8704
7204
6288
7123
2337
3428
7502
5703
6654
2837
5140
951
2576
9945
6830
6472
8462
9243
1842
6031
9763
2915
7499
1266
4025
9412
9219
5261
8178
6320
6923
1364
7304
6657
5354
1216
4032
3757
3556
5922
5568
6244
