1998
3787
1510
9
5301
4848
4927
8929
8292
6856
3515
7626
3084
1857
9994
8841
6524
8629
2089
8909
3882
9603
1658
6635
862
9278
605
7376
9918
7552
6776
3419
5104
8730
159
4310
8186
7147
2114
1057
7600
3327
8140
6305
986
373
7714
8513
1477
8905
3122
1906
7727
256
2868
5591
7712
1906
4267
4562
6780
6113
4104
2544
1094
2620
5881
1636
8681
8928
7107
6524
1606
7150
300
1674
4457
4697
6985
8366
6279
7222
4763
4684
5385
6090
3793
5659
9042
9422
441
2630
2950
5289
2729
602
8620
7965
4282
9886
313
3349
925
3610
7010
7612
6843
5865
9058
3935
5228
6145
3580
5814
1760
4552
7526
1784
7905
8761
2328
5708
5036
8171
9510
8749
9678
2823
2339
4047
4799
4706
4606
2770
1998
6887
3978
674
4697
1513
4011
7631
2978
1224
5865
8646
6601
9736
8056
3846
3902
6440
157
6601
770
6764
4257
3533
5715
4698
6201
7472
4146
6455
7185
4622
7417
4498
5061
156
9946
9348
3931
2257
765
2504
9995
3231
4213
7589
1466
7726
8212
8382
394
2322
7487
1808
4678
7796
3481
1139
9240
5231
2263
9663
6374
9782
6700
7930
6605
1416
9403
8277
3050
212
8499
8816
4250
4928
9161
5310
2693
7440
7
3443
8847
2410
4984
5868
3433
1054
8129
8122
3865
257
762
4997
4308
3435
8050
4290
2670
7531
4679
7978
1949
1314
7359
1822
7869
3755
5340
3152
9468
7687
8712
3175
4433
3154
8329
4505
6333
6925
456
6842
6652
9477
3872
3724
529
8446
7116
1080
1448
7983
8755
3981
6787
6793
4170
1410
3088
3692
8177
137
7171
8467
4012
7851
6846
7521
5688
2617
2815
8373
2539
361
1637
4376
1893
4673
8094
1230
8250
3474
4175
9833
5061
5262
1026
5785
8295
3604
9685
4489
9327
2265
6186
2201
8367
4990
6720
7591
8643
3279
8924
5458
5871
2759
6101
4046
7135
3699
2176
121
8268
4092
6550
1412
9038
4329
9663
4329
1015
954
2022
5972
3870
3236
1752
3352
2016
380
8297
9488
5017
9078
2789
5571
1996
785
8867
748
2371
5644
1169
6240
2712
5276
2650
8496
2219
9809
5955
6860
7418
5444
8579
4849
9
7651
6319
541
491
1610
4592
810
4193
5953
2605
6187
5639
8007
1087
7966
1782
8802
291
6864
4606
3866
1347
2989
8797
1534
651
201
780
3889
4003
4021
1265
6736
4399
1170
4624
4090
5062
564
4942
9529
7108
102
347
1462
9536
966
4405
1878
7689
1297
5718
8471
5220
4106
4697
8135
3721
60
9450
5835
3645
4381
1176
6545
9923
8536
3061
9575
5766
1593
5738
3960
8555
3183
6622
805
2402
9848
78
3459
3039
9236
321
9251
1977
2054
9151
7123
8578
20
6239
3961
601
9127
495
8683
6089
1455
7264
7196
2038
5512
7587
3265
8202
4607
2551
9964
7576
5109
7893
3966
8651
1644
1449
189
8367
4212
8768
7481
8816
3041
299
6980
5255
567
6886
3508
7722
6378
9030
6982
3647
138
9345
5163
4284
9609
6948
1286
3443
5694
7136
127
3077
4117
9659
3866
6597
3817
4107
4752
7430
5444
1512
5035
7318
9425
7121
5854
6122
2013
493
5886
2466
9420
5542
7415
2490
4724
4985
2188
2174
9557
740
1933
7207
2753
4294
8737
3249
1140
8750
8625
8549
3413
7372
7606
370
6647
1779
3237
6423
6440
6640
6308
2639
5873
6704
6661
8947
5534
6325
4311
5519
6713
1228
2103
2878
2520
7234
8906
694
7172
871
3022
1667
1987
2372
3905
8899
7709
2442
6571
7441
6735
315
7127
3244
5508
2173
9754
5694
6906
5761
5164
3092
4800
9164
8048
3974
8129
9167
6404
1010
9804
7313
8690
8362
6551
9889
5779
7846
9422
1392
3380
4030
1085
9734
7217
3463
5266
5435
7605
8662
5743
6348
2280
3169
7131
4099
6335
33
7400
8338
5960
2397
2507
157
8286
1537
6835
6564
3109
4644
9241
3807
3510
1936
3408
8491
1481
242
2947
1936
1514
8151
6225
5038
9865
5975
3254
8015
9644
2349
7132
1818
2279
8092
5517
5796
3964
7137
3405
9194
1711
3757
7071
2464
7346
5150
477
8070
9371
8465
9642
9407
2012
1813
7552
817
7946
9475
2006
1277
6239
2572
1470
9255
9818
7789
9515
6507
7465
8386
6658
4110
3738
3724
9572
4929
6518
5762
1530
2853
5917
3613
4666
687
196
125
4192
5336
4025
7666
7071
1080
1923
3819
2780
9143
5059
1548
1809
4520
2704
2512
8315
9068
577
6699
6966
3257
7120
6312
399
7631
5249
6932
2989
9044
1572
4371
8620
6047
7226
1368
5038
2391
4507
4270
5012
7574
1288
6220
5013
8596
858
9974
5419
7629
8253
490
2345
6193
5421
4649
121
7613
6624
3103
5168
5998
2386
7120
6566
1842
4948
1515
5954
1402
770
3277
9571
9501
5865
4354
8233
3095
7955
6194
6824
6044
5327
3105
3477
3864
6075
1277
61
937
2953
401
9777
1643
8466
5203
4759
1180
2015
4947
6385
1476
5922
9963
3688
2499
6
5621
746
9550
4959
5784
2191
2642
3295
9787
7114
4977
2838
9216
5533
3679
1823
3367
8341
7469
6562
5193
1168
2730
2323
2697
4967
1590
5569
4331
1287
3023
1052
723
8183
739
361
9271
3486
9713
9495
2560
5794
6519
1781
6349
9914
7363
9024
7973
2766
1684
8177
1383
7750
8499
2996
789
469
7291
172
861
6355
5166
7249
7814
1207
7256
5264
2333
8968
7892
2498
2267
7153
5954
6998
282
9269
8969
4577
9283
5272
7037
5913
6264
5691
9470
1032
3520
2346
4132
2013
4618
8812
1924
5022
1414
6701
6586
975
7522
9686
3045
16
3111
5730
5917
8823
5691
9463
3445
1254
1626
822
1141
2300
3506
3152
3738
2456
9261
3797
3629
4657
9856
2877
8951
8749
3826
1445
4674
9087
8493
8474
5652
