4841
2429
9016
6420
6197
2396
8454
8837
4369
4152
6949
9646
8659
6893
4535
1137
6918
7971
8943
9502
462
349
3921
7732
7475
4590
4103
8791
3959
4968
9971
1324
5624
623
7810
9705
5033
3005
2503
3913
5775
310
5533
2395
9485
8072
6577
2861
2108
2634
4766
1786
2988
837
4816
3270
4053
4936
4029
1892
6675
6479
8455
2176
624
6697
387
9397
2926
3812
4811
2578
4434
9589
9423
749
8433
8438
1381
7792
8699
2449
4125
9535
4105
4814
9239
9156
3062
2298
1611
3389
3892
4634
959
2583
6557
5039
9157
2191
7088
1381
737
1970
8523
1975
3463
1815
1194
3461
6907
9977
804
766
9604
191
4900
772
9562
9179
7038
1968
8613
4921
3269
2122
8465
9100
7369
4788
5138
4234
9684
3348
8941
7132
9402
8177
9127
5505
1628
8546
5954
3864
8702
5903
7971
8129
9876
9275
9065
5801
4690
6742
8064
9976
3159
9128
3454
1008
228
3397
7223
9218
2879
3550
4715
5670
5721
6308
1908
5753
4937
7286
7615
2077
1068
964
5685
9006
8250
4341
1511
1059
1267
9853
7895
1363
2032
7839
7614
4349
4004
2697
3947
8977
6392
9655
5812
4907
38
1084
1211
4234
3339
2210
1228
5705
9715
6149
6924
6609
7754
7317
3226
9980
1412
416
7084
1182
400
9442
2048
8453
260
7463
7756
6583
7541
3282
777
1546
7928
5506
2749
6592
4244
8038
2832
7082
6827
3573
4096
2192
929
3255
7681
6482
4532
1367
4300
3298
5236
3626
9974
4978
6737
6478
1775
1939
3792
2637
9777
3828
9590
5052
3430
1153
925
7433
4125
5071
4700
4579
856
6333
3929
9792
2571
1790
2650
9900
9042
8304
6907
590
1932
9438
3340
6096
9071
9880
7809
7632
7929
6187
3965
4366
8754
150
5693
9250
3917
2846
7969
9549
7630
3270
7815
8524
9394
5338
775
408
5283
1002
8588
5535
3490
5240
624
6310
4428
762
5003
7517
1134
6408
5343
6450
2706
3441
5571
9292
2086
8180
8355
226
9625
7754
2360
8885
5534
8180
9756
9920
7614
365
8192
5677
5449
216
781
9312
8610
3564
3580
1002
4404
5290
2476
4349
143
4734
468
3559
6032
6221
1895
4519
7352
4389
2341
4522
8838
8897
1651
6047
9886
2013
2792
9740
6546
5654
1128
561
5128
1479
7091
8891
2691
8800
188
5345
1693
303
3850
4000
9631
4781
8679
3825
9640
9483
6343
2174
4698
2006
7580
7413
6350
3179
5544
9961
8663
7834
89
2344
9509
12
9478
9203
4222
2734
3488
7642
1144
211
5921
6768
4694
2118
5088
2841
9157
5387
8054
3047
5632
8870
8091
6600
5305
186
5113
6595
4527
2061
5685
9845
1065
7577
2626
4800
6323
9870
4181
9559
5338
2030
9288
2968
4919
7216
8529
1876
424
7348
68
6693
3360
1102
6024
5587
5233
8413
7596
4912
7919
9196
6519
9704
7158
8589
6410
3517
3755
9635
9978
1218
6562
7062
7140
1912
2345
2571
4674
1671
336
2850
180
7384
3387
6476
1865
3687
3450
4764
942
4701
6379
4692
5262
1089
9967
9063
1247
786
9541
252
6108
8734
7442
9062
3922
6868
6311
9475
7190
707
1176
3462
186
2994
2086
7335
1614
7987
7242
2647
1883
2276
6407
124
4641
9250
5760
4706
3138
4763
8293
3411
9430
904
8337
5453
8506
3315
4909
5798
9983
5024
6136
9182
7184
6369
6270
1499
7142
6292
7510
9435
5352
4969
1173
7227
5923
1594
6658
1518
1224
3956
2048
1414
5043
8395
7227
1052
9868
9695
8937
6270
1930
533
7332
5283
7369
9211
5281
5673
9055
2556
4914
6442
6409
8139
720
4422
9904
6242
4902
8884
7831
7353
8596
6845
5401
5437
2111
4289
5259
660
8359
5265
4115
7834
6324
1660
2335
8450
5564
1354
2053
4829
8513
1393
4665
4675
4670
5859
390
3098
9623
5170
1021
7047
2309
4719
1919
4010
5893
5928
880
2830
1253
2086
9567
9525
7131
4675
7872
5122
7749
3243
2796
5694
6908
3396
1206
6990
7424
2939
193
7410
6109
5819
9637
3362
7470
7147
9086
533
3784
285
5057
3043
5276
8747
5497
21
1751
1501
5267
5749
6231
149
258
5204
1888
409
8016
1532
5878
8357
9606
5838
7571
3947
857
2484
4106
489
1079
5055
3185
8953
3912
9104
1607
254
8031
7865
8175
6971
5099
