5672
239
3102
8808
5831
5716
7991
241
1824
7488
6485
9405
9700
6876
3991
2012
8634
4660
1929
3156
4455
9831
4157
3639
3643
7890
1883
1468
8468
8518
3159
9426
5170
5603
1282
1063
4860
4855
6280
2992
1166
5540
5008
918
9550
3215
8318
517
717
9782
8293
1946
4532
5658
4579
8552
1502
6409
6477
6181
5980
2802
6657
9377
9047
8923
3101
4701
9223
7707
8190
9443
6080
7075
7751
6070
5184
2675
8283
8879
2806
5221
7619
9556
5334
1324
2815
2593
1443
6844
9215
9856
4744
837
6297
5961
808
6377
9181
2625
5305
1767
9496
616
9300
1948
5647
2539
3672
5265
516
8351
7089
5200
4079
8153
1021
138
9523
3634
830
6801
4062
325
4183
4598
9824
7745
6723
8783
5968
3451
214
100
477
51
249
7342
8945
1278
8989
7144
8151
4418
3387
2242
4175
1539
880
5424
8402
1268
2639
1433
9863
6187
9089
3211
9092
8295
3691
2038
6871
6470
8705
3349
1115
5343
1020
1334
6467
4614
7069
5751
4154
1455
3266
3854
4135
6364
2492
8770
7644
4599
7700
3253
5864
1148
919
4335
9640
7086
9602
58
5904
9123
2602
4236
8802
2174
4864
8955
7386
6846
3346
7433
7160
9885
6653
1721
9798
5852
7404
779
3892
2521
9434
4454
9728
872
1600
8034
2778
2904
6195
219
3834
6969
2725
4559
8546
845
7178
761
5484
7336
2809
7568
9794
5838
942
3393
9016
6017
9313
4325
8695
6500
1084
1718
8051
2320
9821
3160
158
9761
4423
1292
6818
6161
3309
4702
5674
5311
8988
3890
5927
6109
2550
3196
9510
3308
2610
6475
6540
4390
4727
298
7461
5861
5457
3533
9385
5603
9836
6222
863
5298
2313
3888
7551
8409
8934
5629
1042
4712
2939
5633
4530
1945
6810
8144
1913
8811
1324
5316
1416
1232
6150
5864
916
5571
7158
9
9747
8323
2763
2769
982
1697
5327
3393
8903
8459
3943
3393
8732
7409
1779
9495
9522
2980
4531
652
6595
8546
6556
200
6875
3261
7747
5212
9053
6517
7324
5187
647
2419
379
1268
5691
9087
9222
5411
64
4055
4370
6132
6263
7515
9347
3761
5817
9795
9401
3504
5463
8049
6691
9034
2727
9870
3525
2806
7594
8296
865
1860
9597
3514
1422
9474
3835
1453
5416
3700
5188
8418
2360
3575
7297
3929
4056
2558
1781
1016
2409
6649
3568
4356
640
1539
255
1848
8001
9139
6939
4493
6198
8883
3131
2762
391
3312
5005
5042
8843
614
4532
5210
3097
9042
6838
1870
4884
9423
8498
1409
6887
2333
2437
655
1954
5936
9603
2601
9380
8983
3626
468
7482
990
2326
1190
8841
8256
9119
9277
8320
41
