9373
7586
5874
7855
6784
2852
4526
9336
1324
8092
960
8123
2636
6787
9045
6583
1236
294
5217
3884
6457
4178
8828
1626
378
8863
4630
5156
2794
7994
9064
3572
9099
8474
697
3752
1177
4915
8441
8490
7680
1161
4718
3485
746
7948
4536
2099
4809
2002
1155
5163
5438
5331
4201
7688
4419
4926
657
5245
2923
7640
9144
1029
4772
2996
2234
3263
4342
2894
6461
6998
2987
5266
7611
4846
3787
8986
8826
3946
3346
6116
889
4395
7168
7281
457
7427
9854
8426
3429
3304
9912
3006
224
7027
9579
9894
714
1240
4860
7625
7614
8641
7810
4075
6203
659
2881
8960
3581
7201
1860
4447
2567
4047
5654
9873
4048
4879
7789
6617
391
8151
8164
4253
6964
5412
5172
595
3868
4024
3870
471
6624
5806
4935
1288
7715
8414
7680
7459
5574
4748
5441
2166
2050
4619
3426
519
6818
7807
7046
1709
8298
832
2068
4332
7559
7243
8563
4558
2789
338
1041
333
5511
99
5664
9741
8038
3094
6782
6406
7305
9039
6655
5167
1118
6996
1577
1206
5250
425
1532
8972
6818
487
9996
1149
2287
1579
2828
5869
7064
1370
537
702
9526
7218
2848
2878
3609
5916
8941
5229
8042
9118
6961
525
9389
1245
2463
9170
2950
6831
6227
6905
8532
7662
959
6852
8094
9609
1940
3971
1705
228
2201
223
5347
9824
619
3807
3295
5910
2321
9838
3709
7308
1163
3780
3669
9354
8535
4688
1008
6870
2399
4279
4580
6075
82
7238
938
2184
4813
6596
653
7877
854
4243
7120
5489
3445
4837
9421
4487
4544
9674
1782
4814
9409
4855
58
2655
3846
9011
2422
818
9668
9516
3876
865
8617
6503
1461
6110
9837
8596
9367
8448
1748
8927
6659
7224
6467
2018
7173
9315
6172
5624
5849
7928
3159
4316
7951
7649
8975
4832
8986
9318
5543
9371
8922
1652
3719
4698
2068
3021
9559
3910
1163
6442
3190
8246
1486
4635
4343
5451
2206
9182
8649
5177
713
4910
594
6502
3288
1107
4039
8651
3185
7559
4378
6439
9770
5737
9937
7011
43
7018
4911
736
878
3429
3569
1645
7030
7516
8551
1076
9193
5581
2972
3988
7980
8067
6804
4889
7209
9929
658
9447
5263
8345
8531
4214
7287
6099
3290
6567
4766
9353
1481
7941
4164
9223
953
8231
2079
1024
2246
1874
9661
8931
2809
91
5012
1917
7075
553
3144
7576
9171
1833
1640
1168
8805
1771
9989
2246
8824
2826
5569
2814
6137
9273
2223
4435
3441
7177
269
1531
7352
6775
2523
4101
7412
4386
3431
1134
482
1098
2950
7010
6704
4692
3920
2064
8980
2362
3817
7751
4397
9727
3688
460
6644
9760
4886
8446
6686
7222
3892
5808
33
3704
1193
2581
6272
4862
1799
7291
8341
1872
1369
2109
6826
653
6667
6764
1396
4471
1014
2392
8893
6731
5671
1353
2573
718
9114
9578
5811
6163
5496
4549
4741
4794
6106
2889
3570
6130
8921
9031
1088
3871
6004
4637
1016
103
4701
8153
2154
2182
9120
48
7485
6081
5601
1447
1911
2487
8689
813
5318
8500
8285
6508
4889
7487
2867
5860
718
1763
4849
3736
136
8523
8316
1444
5228
6982
106
9851
2776
7883
956
6720
1441
8246
412
666
8024
4831
3791
3931
1625
7532
7014
9689
1151
7949
8647
2763
583
8293
8851
2624
4511
104
3796
8312
7451
9120
1589
3158
2308
4538
7422
3373
5805
4653
4138
3256
7844
8714
2566
7430
5488
4799
3913
6802
2749
7526
427
2769
8738
2955
8867
9236
2347
1386
1265
6589
5912
2103
4372
3774
5185
983
7640
2556
5268
2123
4320
2547
7581
8445
9213
8420
3280
6674
9816
6809
950
2464
1618
6074
1106
6745
9557
8519
9983
9622
9589
9173
8008
3231
7833
7286
3875
5030
4625
5233
8859
5539
1811
5360
5208
8842
7429
1800
4621
8297
2089
2644
958
4909
2288
2602
4044
277
5612
1183
9567
9406
823
4966
7439
8061
3817
2675
126
8779
1114
5998
5525
3162
1093
5283
6810
4662
4164
7063
9691
3719
9518
6773
8730
3395
474
8246
7044
4944
5422
1358
6031
8583
2521
9699
4640
6084
1753
937
7335
1610
8105
1209
5831
1939
5643
6656
1462
7621
4142
7923
5725
7985
9532
6576
6300
8389
1683
2224
830
544
2702
9529
9860
1973
127
8064
8128
8185
651
8076
576
7271
7201
1029
2661
4643
2041
10
5520
5804
1030
7682
7656
8122
4151
4875
1914
9078
9487
5503
3357
2793
4959
6068
3824
2733
9485
3170
6563
6751
6292
2271
1407
2294
3895
9670
9923
9582
7363
9159
8140
669
4928
8360
6991
8775
9203
9320
7718
1580
3363
3972
6742
814
5206
1795
2681
7761
3064
4460
9708
9451
7992
7
1271
5676
9134
3329
1204
9559
732
1625
4318
9021
2721
7319
6856
5931
8628
4236
7926
4730
9379
1877
204
4660
3335
1033
5074
9926
9828
3090
4832
5665
8538
4616
6972
4603
8299
905
9949
7874
4506
5189
7402
5537
1228
9557
7716
6107
2990
4971
8877
131
1090
2581
3124
8206
1687
8043
287
8929
8947
5640
5523
2932
7616
2710
978
4024
4689
3106
1473
3572
9616
2366
1013
1883
4981
3829
4938
2682
6596
3753
512
2365
9380
648
5874
9249
8392
6765
724
2500
3515
7171
536
2409
1917
5861
3917
4151
5956
3648
149
2913
8785
8298
306
992
2337
795
1484
7821
6252
1705
817
5339
1693
8435
3465
6992
4911
4067
1125
5429
5264
3558
6004
4339
4964
2056
4609
1805
9641
600
4781
8076
8370
91
9940
9813
2435
412
9743
599
9432
9665
1429
7985
5746
3993
2510
6608
8639
5361
1622
7030
6709
3989
4843
3478
7531
4980
8643
508
1523
637
4556
1402
6312
8758
4225
5324
2384
3227
1206
6941
5038
5155
1873
4083
3447
6318
1813
7541
9710
5482
4012
4685
526
1925
8704
3592
3988
1309
8134
3737
4967
2627
4135
4030
4117
8142
1133
5387
1771
6332
8918
5074
2624
6275
6712
2501
3887
838
8161
7122
1103
5587
2682
5820
8240
9737
776
5546
68
7719
5438
3017
4024
479
5794
5485
9550
777
