2880
3432
5435
2042
9538
6388
2708
7431
2799
2274
7446
2031
1308
6139
9773
4699
7333
7667
785
4525
3617
9410
715
4282
1328
1722
7633
7461
224
6101
8637
8090
7263
9981
204
6531
715
4455
7218
5946
2565
605
6474
9164
8693
4070
4635
4118
5670
4020
3687
5247
8130
1145
13
7154
9096
7911
5470
694
1705
2659
4108
3339
2275
2997
2783
2660
213
2303
2657
1451
2689
3287
8073
2645
9135
1395
1221
6484
670
2320
7040
6131
9205
4591
2867
2385
9272
2221
8279
8989
3142
7293
9049
5082
1567
1748
4711
3487
6931
1808
5271
3342
7414
7494
4230
3662
7247
7287
1709
8104
7712
7438
6816
9979
5120
5560
4081
8396
8627
9264
3697
3133
411
8423
4903
3432
5736
9997
3257
6841
2763
5982
4998
6054
9416
1628
2342
2619
9050
5636
8825
9686
3168
4480
7052
3212
8469
937
219
5606
7789
4422
4256
811
2155
7285
3465
6203
6880
3797
3960
9318
2511
7246
5796
6023
5979
7005
8316
592
3457
8592
4892
2995
7602
6954
9576
9226
105
9748
6101
7171
7563
7425
6407
1596
1132
5676
9781
7847
4013
3647
425
1690
9875
6946
3763
2406
788
5775
8733
1361
1771
3086
9433
5714
2747
210
9319
424
1679
3823
7187
5080
2592
134
3163
6946
2704
4894
6254
4943
707
4737
479
8488
4973
6064
6537
550
5990
5140
2124
9489
5914
4882
4438
4711
9614
218
9486
3580
9133
5948
8729
9224
6336
2472
287
3522
172
1361
2759
7095
6420
6956
4991
8182
8047
2699
3064
171
821
6752
1070
8854
4676
6688
1942
8327
5919
2231
6768
3865
2901
4657
7163
7368
4207
3628
7991
9744
8195
1672
7158
7075
886
2183
3052
2935
5535
615
6662
5338
5782
3353
9767
3570
5995
7437
5629
7062
1810
6540
1953
7618
828
2177
6509
667
722
5877
8889
4720
8586
9735
5198
2856
8524
9444
3467
8014
3262
2808
5622
2806
4444
3409
7002
5851
3603
4555
2862
582
6796
6814
1399
1085
1574
7121
6068
1158
7644
4617
1446
5014
7718
7938
7427
7002
507
3704
9904
785
2947
9778
3451
7700
8923
9228
2715
1667
6066
4832
8975
430
8624
7425
3075
9772
1543
8451
8530
8315
3313
890
6997
1893
7241
8509
7257
8892
5093
1718
7758
1234
289
2826
9499
1063
6631
8608
9151
3215
6522
4623
1043
799
8771
8760
1596
1892
5954
1613
3164
7585
3910
2140
6711
6419
1015
8909
4963
9714
8192
1380
1977
9382
5547
2050
5433
7459
7989
9006
58
4851
3072
5820
2158
5967
9879
5176
8755
1482
8844
8513
8342
4457
5901
9925
2259
547
8998
3892
3095
289
2320
963
2950
8561
182
192
7641
9165
2584
6205
5423
2051
5272
3051
3300
9441
4402
1877
351
7488
4633
1557
4677
8634
5020
3014
3595
7832
9912
2424
9448
7196
4839
922
7945
4887
4214
2247
2783
3929
1012
2783
7907
7491
4918
1233
5705
2458
7895
5250
5682
2539
1197
2476
8443
901
1831
8534
5027
6503
9250
7612
6042
6199
2715
987
8725
2604
5055
5387
78
4729
5037
953
6569
2983
8349
2464
6369
1501
2571
7668
4400
3087
9099
6026
77
1168
5584
9303
8416
4021
3224
1492
257
7623
3023
8059
5663
9956
1652
3712
4988
1347
3432
8047
7829
1107
9522
9630
5808
9631
96
9390
5918
6527
5977
4020
6608
8270
1149
158
9109
1172
2637
8372
7377
6320
5383
6701
1674
9299
6458
603
1516
8523
1672
7300
2781
8234
5417
3934
1658
7907
1948
6694
8863
6993
4377
9628
1990
1748
9634
5887
7383
2249
9063
1137
5294
3588
4616
4886
9003
4093
4469
494
2130
8628
9074
4813
7138
4546
3974
84
1827
9549
3475
3453
7816
7176
9216
264
7605
4581
7489
29
7898
6648
9048
2461
621
3689
9093
586
5829
8245
5625
3663
4546
3506
9784
1933
9435
7197
2733
2580
5375
6082
5511
4490
2669
1527
7873
7899
8895
3302
8496
701
8305
1013
7109
7230
1552
419
4722
6316
7485
2337
3337
6785
8016
1082
7568
42
5497
8721
3521
594
5522
806
782
5071
7969
7380
2610
793
4058
10
1394
6338
6944
2803
2162
1623
3900
8405
4500
7233
8566
4083
27
8392
6352
6415
3629
7237
4691
3040
8663
9490
4161
475
8539
2993
8665
7441
6437
1718
4152
5413
8635
8593
381
4408
4498
4348
2117
1635
2061
3661
1285
1088
4193
4568
6934
4822
804
6485
1627
5903
5251
5401
3902
9031
6819
3300
3000
1027
9679
6646
927
7292
9024
7726
3801
1511
5387
897
655
8594
2563
6099
253
540
9088
3190
918
4034
7272
7420
7877
4690
5401
6442
4334
6702
8472
7339
9106
7614
4324
4525
4994
114
404
4333
8554
931
6271
7242
6799
9093
8378
200
5395
3084
219
7588
4021
7479
3933
3391
4438
8989
1740
4281
9461
210
96
5403
2397
5606
9191
3872
7252
7371
11
6273
5124
4610
8707
4668
6535
9601
4948
7872
6571
1746
8920
8632
5797
7546
5639
3793
5265
3380
6306
9642
5704
4842
4863
1815
9354
6943
2893
5858
4315
3996
5817
1935
7018
5894
378
521
6364
3912
1463
1998
1048
5987
281
1765
2075
1726
7291
9063
3323
6267
3725
6273
265
8423
3655
2788
3072
1389
315
7047
7050
1625
6227
1402
2801
3604
9962
3623
4626
6785
9798
9047
798
8098
5267
7871
8843
3336
9067
5429
9464
8341
1329
8034
2637
1759
3758
5782
7888
5972
8642
2147
1492
3941
3724
8551
4444
4880
9013
185
2286
8446
1926
8943
754
9189
6378
7338
8217
5115
174
7855
9355
5208
1924
2562
2009
38
2199
2449
5777
3976
2457
8298
3695
3924
2280
106
3824
8510
816
2627
8770
2883
1130
7417
7960
6703
8305
6058
6810
6459
5365
9912
3241
582
7000
4404
2399
5279
294
4152
5477
1788
4723
9376
2350
2938
3996
5622
4721
690
9087
7834
4564
1732
3446
4682
4259
579
4846
9219
3472
829
7286
9140
2805
5413
4371
6620
7221
8814
6496
5536
9728
8950
5891
6298
7237
9148
9755
5376
6481
3968
4453
4912
8726
8982
4670
7526
4472
6359
9171
4330
4848
1380
8884
2169
6275
5815
7319
7262
4397
216
3144
8780
1607
7944
2558
8411
8152
350
1689
4588
3191
1324
5383
5787
590
5997
4071
4896
2698
5165
4693
2850
2191
293
9747
2489
3465
4225
6280
4318
3613
6384
7874
6977
9901
9896
1528
2518
4251
8019
8714
9198
5573
1673
4186
9069
6254
6412
5427
7981
2222
634
3879
239
4095
9155
9816
4345
808
9239
2860
2832
4935
5194
6227
7123
9943
824
3428
6769
7394
4015
4003
2569
31
7805
1919
6764
2092
2167
6537
1
1783
5426
5087
9077
3334
4802
4309
7516
2694
8797
149
9545
3345
123
6206
7765
2537
6637
8904
6640
8737
7431
9991
5505
2314
1962
7565
5067
4810
3186
7114
5087
5450
1977
5327
4376
4886
8103
9681
5511
1031
4759
7144
3355
6397
503
3095
4508
2934
5035
6374
5781
9324
5166
2618
3548
5610
1286
7863
1775
7582
2658
6796
6060
6026
947
9292
7244
8197
2661
8893
1822
5567
6233
281
5196
9553
4512
5282
1804
1554
4262
2243
9093
2039
3464
9457
7708
5026
5363
4112
3066
155
2315
3426
9275
5836
2148
3498
6278
2517
113
559
8772
3392
1591
8380
7247
7472
5916
6820
1912
8274
658
7138
2293
8502
4122
3423
6821
2039
3638
6125
4322
9364
3312
1568
9442
2803
8704
1148
9193
9868
7230
922
782
1089
9236
6340
8856
7437
8127
4511
9077
9530
3058
265
6536
7325
8951
7672
4413
4380
4115
3010
3017
3759
3589
8347
3267
9316
5323
4824
4760
4045
432
1586
1984
9572
8950
5894
8283
2398
252
1738
55
9805
4108
3306
5890
1904
3380
6080
3526
4005
4494
2050
2821
2271
7054
581
6722
6514
9928
4480
1466
2651
1292
91
9197
6173
3615
5238
4669
4374
9527
582
1618
8640
7603
9610
6215
1331
6548
2204
4180
2392
7435
9011
6249
6056
9249
8308
2084
2994
3053
3273
9168
5052
3909
3530
1146
4017
837
1944
8528
2889
2901
3273
5353
1206
858
3181
1483
6250
1483
1935
6093
4854
4606
9239
6633
3438
1311
5004
4813
3656
1404
5047
6543
9827
4224
2178
5611
4036
1162
8399
5306
123
8777
9222
2144
2516
3110
3638
5026
4313
7182
4637
4019
7605
3915
2899
6890
8964
7598
672
8577
1079
4731
3293
2475
5443
1200
8056
6595
6985
9843
8897
7454
8384
4264
561
8541
5197
7180
5579
8353
3285
8881
5403
2954
9241
2821
3706
6654
2864
6193
564
3635
1507
5916
832
9577
1250
3594
9982
7543
9988
4388
5344
5792
3355
3397
7743
913
7254
9870
4030
6651
7264
4006
7419
7719
9558
3074
8274
7979
4613
365
5948
663
1729
7076
8260
5308
8979
8593
6010
8218
7546
5521
2049
4932
8850
5460
6339
2451
2578
1041
5940
1859
687
9027
7347
6990
1038
452
5181
6819
1367
7381
8748
2531
9493
8071
6765
3336
3754
5097
8959
8578
5311
6766
6423
4463
1800
2522
4033
2533
9558
6009
4241
5135
5447
4556
1751
3475
5784
9713
7488
5660
2394
2861
4457
8681
3058
8185
3359
6273
8187
1575
8386
3473
5622
4607
5928
2179
6865
5178
4093
6108
550
6618
7000
2419
5658
6068
1945
5833
518
1835
5791
6521
9314
9786
4454
302
1581
3870
5885
4875
2457
8686
4582
5419
276
3752
6470
2262
6945
217
2812
1932
6869
8344
6447
209
8381
4639
847
4981
3516
5399
254
4287
3155
9392
1192
805
5449
2490
6796
4155
186
7298
4671
773
2348
5676
9750
3739
4940
2026
2481
680
5463
6070
3080
9982
6581
8706
3645
2955
1375
8633
9536
6640
2753
6721
2657
5203
8523
2000
2240
8659
5697
6680
3313
3155
3491
5793
2060
118
3303
5921
9152
5701
2865
4138
7767
9983
1556
1376
1413
8046
6755
6405
6810
5266
784
6179
2535
7628
198
3926
9917
7369
1666
7268
1985
2041
2988
6729
7435
3083
2132
5091
7006
8103
9191
5878
818
8487
1264
4173
5853
5203
1499
5999
9152
6487
7621
4570
5997
3155
5727
6046
1175
9648
4513
9016
34
6842
396
1177
8745
1822
5880
3235
4670
3537
8348
8368
6332
794
939
1742
6024
9053
5195
2555
6598
9397
4578
9545
6600
2237
1897
9070
3889
7980
6530
8922
5256
8859
5478
726
6648
9123
5079
3526
4500
8856
9236
9498
4344
1212
6779
5815
4314
2193
7352
9517
8351
8959
396
8244
8811
3214
25
440
400
7297
5754
4942
4487
5887
783
5330
1085
3231
2085
4079
8404
463
7748
4601
3787
3489
163
1899
9128
9747
6774
2392
1361
2953
2647
4176
7178
138
7955
1185
2584
7443
811
8263
4532
4955
8810
402
4284
5397
7254
2578
5683
3355
7872
114
9592
3406
7638
4286
325
6487
3736
7650
9566
2952
7783
8624
9241
4900
8425
6253
3869
5879
7034
4681
5938
163
4524
4666
5352
3321
8319
2820
9300
96
1835
2199
8725
5221
6858
6612
2197
5632
3827
205
9291
3726
3409
9609
6845
2096
98
8832
5554
7984
379
8793
3333
8779
2457
6574
982
8399
3714
1352
9579
2370
298
7821
9540
6764
8402
6962
6748
1155
4586
7934
715
2097
1895
6190
2265
900
2240
5326
6556
5841
8018
4714
8738
1622
2804
6769
6794
2507
8292
499
3501
5988
7808
6311
9130
7430
721
8652
6959
7171
2050
314
4548
3396
9870
5731
849
482
2071
8091
975
6512
6739
6785
4140
5097
1169
1129
1144
3185
282
3368
3437
5771
1138
6907
6699
2935
7325
964
3185
2725
1854
3011
2072
9947
9051
9341
7401
5278
8476
7883
5567
5008
6259
3153
5159
7767
3781
8777
7812
5526
3206
3483
8655
5770
1123
556
8571
5811
5321
33
1430
6365
4835
4030
7692
9994
2944
3791
2982
158
2019
3937
5856
8646
6564
286
2215
3861
7988
7156
2913
2589
126
4385
1671
1126
9016
8509
9229
3471
9849
740
1923
574
6244
2159
1204
9589
8547
797
8027
3539
383
1187
3093
8932
1243
4957
9137
503
2001
8432
7044
6986
8244
9518
7498
7971
7413
1540
5879
6605
1632
4995
507
6125
3110
4953
7971
8449
6614
2780
