7133
2451
7019
707
7755
3215
9717
8644
1884
4345
5474
9356
7279
505
5909
1192
5188
8869
1672
3439
4217
6051
5280
9943
7957
5772
8971
3125
9531
2220
4809
6556
7580
8150
260
4295
3708
4069
9198
7265
5727
4605
4566
6721
1167
4671
5190
516
5661
4443
9771
4338
8929
1728
4658
4627
8784
5775
9676
1274
5386
910
1326
9519
1836
5640
8167
1371
2232
7953
1630
5340
3743
4216
8728
2217
3257
7157
6227
3935
6913
2737
9859
5561
7407
5573
2918
4190
2979
491
1077
4437
6731
4801
9113
6339
3041
4316
456
1973
6244
5672
4875
2041
4210
2989
5725
3334
4527
7582
4610
6957
2452
268
6049
6359
9446
5815
8448
4829
3458
4932
1594
6871
8019
825
2400
8636
6735
3765
9785
2184
6980
6478
2887
7484
1402
6434
7048
8766
5589
2639
2917
4401
3706
3774
9035
9088
4939
9865
1235
9636
529
1966
6528
2854
6277
6715
8565
8141
4091
2569
6672
9880
7339
1862
8247
7000
1277
410
9710
6533
4769
8347
3409
9649
680
8748
5620
4185
8210
4064
3429
1815
997
1788
4874
5413
4982
9707
2781
860
2680
2955
5265
7098
3422
7524
735
7938
3854
8985
5362
2429
581
2423
2843
2815
5649
7562
5441
2549
6606
4271
8616
4042
6512
9972
7213
4408
5130
2492
540
123
8489
8671
3823
3425
9473
9933
3651
5150
4001
963
8696
4956
5845
2918
8917
1440
7128
7005
6949
7288
7316
7371
7058
6608
552
4153
828
4707
7908
3651
6934
4831
6420
5065
6190
2369
5479
9989
9831
9136
1755
8540
6693
8677
1734
6845
5332
792
1475
7
708
5574
2088
7272
7877
2654
992
7535
4140
1003
8218
2627
6655
3755
9324
3196
5139
3343
9125
463
9055
171
9150
8280
3500
413
9804
6016
5644
1274
166
9485
1955
8100
45
7224
855
3128
6844
7258
1072
2851
9789
1072
8043
7861
7286
2638
4001
270
2158
9600
5151
7668
7536
3403
7233
3991
2075
2050
3968
171
1187
9076
3990
3109
4888
4882
3290
1409
6000
3358
8380
4336
1156
2256
4078
6799
5444
6418
4764
1218
9352
4843
9898
8351
5988
6505
7689
1351
7334
7527
2598
3888
5983
5166
15
2621
188
3672
2003
1439
6193
4351
1157
4084
9569
5076
1195
3422
7596
2892
9865
4655
4581
8261
2166
3312
1022
8182
6920
7617
9138
6436
5649
4650
7807
8401
3109
528
6239
1374
4870
1860
9793
2466
4814
8965
2121
739
456
1654
912
6928
5852
3210
3145
8321
9253
3883
7410
550
849
4537
2739
9821
1380
8656
9398
6607
2745
7347
6882
5145
3031
8133
4406
3737
3483
8134
9407
1198
2888
5898
4806
4498
871
4741
4857
9844
2524
8147
4068
4909
9032
3172
2764
2485
549
3140
1816
9902
401
2377
7084
909
8985
9846
1075
6809
5841
5356
2744
3100
6238
4751
785
9286
2145
2935
5129
2065
4432
6269
7273
8896
3698
9541
4418
5968
7078
8540
2857
1680
3472
5222
8463
2845
2530
4106
44
3894
5459
1546
8392
4303
1439
3546
6453
5280
5371
609
477
9469
9699
8349
5299
2241
7058
9521
3672
2323
2060
3226
2845
5563
5691
4719
2048
78
9061
7782
485
9492
7766
5716
8162
7787
3183
4844
9687
5284
603
9721
5800
9788
8026
4743
1464
8373
2236
4939
3556
3474
9131
7922
9
802
3845
6279
7234
8739
5717
414
1426
6808
5997
8846
7035
4501
1970
7772
473
7047
6404
8802
415
1120
3657
5134
2923
7456
1653
2439
1319
6784
5879
1754
5119
6472
8419
7586
7835
5009
4360
8678
6648
1796
9165
1565
7031
2640
1213
8812
3057
1659
3995
8720
8693
7168
9988
2903
8944
9735
5504
2729
4536
7026
3108
9732
9237
483
3240
9061
7980
3531
3328
578
1722
7741
3737
8404
9161
9521
7697
8866
8322
3349
2515
600
399
6990
7518
134
3051
9372
2034
3541
7001
6443
5414
7413
9086
1830
5272
3618
2540
3030
626
4837
3131
2872
853
6807
8806
4476
6981
4480
256
4121
8865
8285
3745
2062
6845
3199
993
2372
8030
8256
2751
2160
689
3345
7166
1444
2728
3903
6317
4725
4946
8261
481
2151
9014
5418
114
2452
7676
9802
4415
5324
7592
8499
9086
8677
6756
1814
9876
7572
168
6605
2589
9796
1753
444
5033
6163
8603
6928
1412
3357
9876
3700
9024
6703
5135
770
2880
3229
7018
950
2227
4064
1836
1902
4395
6695
4662
3262
3130
7246
1173
1857
5080
8076
6913
4345
2260
8582
1718
5367
788
2769
5132
1398
5146
3637
8373
2306
3989
1341
8978
150
3777
6554
7970
3603
6908
1063
5785
7260
3926
3496
4936
7374
52
4235
895
5150
8433
6513
2236
9914
690
582
4622
3777
7716
4571
5835
398
389
7013
9066
4191
891
1711
5757
3749
3717
7802
1023
9636
6188
7892
6454
6954
2101
9478
6453
9789
6502
7256
3745
9100
4930
9999
6814
1703
7923
2679
9301
1755
2851
9707
2612
8053
6007
2625
7746
5688
4073
9923
7229
8538
7712
4200
7202
8056
6478
1585
4600
9674
9846
6063
9002
2066
599
4481
8543
557
2954
7483
1128
1468
1524
8083
7045
956
4984
5589
5940
5153
6044
7943
6167
9458
54
8822
609
7181
9572
3919
3629
2491
3525
9546
7642
8798
3894
4960
55
9671
8300
2765
7511
9749
1195
1616
2113
5016
8402
8752
4999
6067
2180
6681
337
9951
3107
9860
3094
1660
3658
1716
1334
2098
1143
8557
2022
5078
1955
8031
776
9673
8496
8576
6343
4362
3758
1479
6924
780
457
6564
6368
9266
5875
2062
5855
6006
9273
2948
1557
6297
3413
9109
8744
2580
2112
7900
8801
9486
4689
6818
4568
6854
1751
4599
667
8688
8751
2123
9402
2541
2690
9271
1635
7714
3101
7849
1125
3515
9630
2060
7251
1960
4937
854
4343
2981
68
6459
3119
3352
3685
2686
7465
3684
8694
2904
375
2650
2738
4705
7151
9839
2607
2779
466
5704
3080
5087
5271
1393
3205
8975
6227
7134
2889
7498
9799
1849
3448
9566
2165
9002
7331
8807
4896
8101
4882
406
6672
1292
5948
7821
2495
8613
4438
8038
1427
4423
5126
4307
4376
3454
130
8529
633
6958
1082
662
2539
5988
6399
1785
8631
9175
4910
3632
6929
1661
5517
6132
1257
8795
5041
9954
1758
309
8298
923
2778
6099
3627
1258
2766
2868
5210
2533
9290
2396
2944
9997
2537
8073
909
2880
1671
4867
6907
6222
6512
5650
557
6312
7335
5546
3957
7348
5887
3457
1615
2445
8042
9105
957
3512
5739
7144
9007
545
1946
2428
4494
7427
6883
1309
7382
7847
587
8691
6990
7828
3985
4150
5413
6149
4397
3613
2779
4664
3560
510
2617
1234
6967
1507
1214
8960
5589
1102
1927
9048
7275
5427
8265
1438
1279
8356
1022
2
7767
5834
202
2631
9176
1439
4873
8479
5775
7720
7384
1873
4683
3375
5004
4701
1254
3008
8386
6006
2718
1433
7828
3150
4564
852
5957
6623
3903
2705
7609
5557
7054
9724
3780
7434
3289
926
7214
9113
2674
9344
8991
2052
6382
3386
4813
8705
2970
8841
1567
3759
5451
9135
6044
1159
70
2836
4741
6125
1609
9866
7788
8549
8676
574
3232
5106
2151
7482
7750
9
5562
9960
725
133
4915
4561
5758
2260
439
1252
118
9455
1296
8114
9154
726
9783
437
2430
2970
7551
5457
7098
1588
1486
8755
97
5090
1832
9542
3655
9122
6505
3636
2318
9719
895
8473
4885
9913
4114
100
5902
3177
5137
9783
9290
4353
6858
4381
756
8762
7622
8651
7223
8039
4335
2815
7804
5903
5742
6357
788
2552
4405
7961
1950
2623
3142
646
3989
932
5326
6573
3561
1569
7938
3009
7497
8091
3684
5871
7514
466
5490
1580
1223
963
4891
5974
965
7404
6815
444
8272
8911
1170
8905
7864
2944
9612
4908
4050
5225
4208
6979
700
5197
7783
54
6081
2568
2152
2832
6821
3589
6439
4903
2686
9706
295
1853
1823
4110
8333
5295
5090
8683
659
2138
4416
222
3189
5630
6384
5244
7659
8571
587
3134
5204
5032
4968
5196
4091
930
6473
5224
9945
8657
4272
3393
7014
3143
7439
7465
3613
2753
3339
6752
6940
32
9916
655
5493
2513
1396
32
4724
9224
5689
7562
9772
4844
3745
9291
3552
5675
4233
5375
9979
6302
2066
2877
8077
4104
4968
6320
8803
2952
9184
738
1538
2541
5934
212
4735
7721
2976
667
4718
6446
91
8293
165
4390
8656
5450
8315
1999
5818
5437
2291
7826
2022
3232
319
8708
383
2855
5475
6614
1286
8037
936
4599
9355
3124
4169
8394
1578
672
6413
7410
2740
2706
5489
3305
6233
8635
9601
6800
6399
9430
1299
1457
8578
1200
897
848
5288
5635
9041
6272
2320
2318
5906
7378
6966
6720
7413
5031
1989
403
8214
8311
3226
8454
8197
9819
4448
6835
4645
6148
1918
3327
1137
4430
5353
5743
4758
5599
3527
1880
9665
2682
3521
2239
5429
8768
1716
5295
729
790
597
1128
4668
4881
4734
4277
2038
4238
1578
5430
5724
7326
7560
7132
4543
3310
719
4499
4898
1605
8591
9577
1830
2727
5023
4349
3509
4215
3401
4915
3927
7593
1134
3892
5987
2101
3191
753
9574
4967
7993
2056
9209
5539
9700
6944
3202
533
1000
5231
5466
9111
3653
4219
8982
8061
5566
8076
580
282
6424
9952
116
8437
7077
9833
5664
6949
6279
2945
9466
7929
7427
7309
6609
4517
9588
8704
6750
8871
297
2230
4001
3704
5916
9969
596
3470
9760
3952
4984
8573
2934
6923
4084
8525
6172
9068
967
2119
9587
7431
5078
4746
347
5946
4694
26
1325
9343
8760
104
3348
430
8412
2876
889
3567
8787
8558
2154
8654
8213
4277
7623
7335
331
3415
7161
8193
3547
1007
1694
295
3662
8908
3973
2977
4911
4438
8882
5969
5042
1739
7855
7162
5662
6536
160
8203
3704
9283
8721
9496
5630
5061
8718
6905
8925
3285
5791
3644
9152
15
6381
4230
2533
8948
6293
9319
7277
4331
6585
1388
7040
6997
653
813
1675
7630
1669
2822
3991
1856
5144
3043
967
2705
4288
8373
62
6924
1265
8273
5690
7549
2020
920
7457
422
4016
7873
4518
9983
6755
6962
4840
4602
5234
1597
248
4836
3611
7767
7797
8264
5363
9524
885
5085
3921
9742
1042
7248
5638
4597
398
4908
7143
4432
4373
6773
8984
7265
5278
5173
5287
2631
6205
1966
3122
6509
5752
3598
6246
1248
1556
4288
6790
5949
2363
1022
180
2473
60
3956
4447
4090
4416
3873
361
5426
8996
5367
4067
7917
1080
7121
8151
5088
7938
8052
114
3697
5920
1934
9100
8629
1209
9003
4965
8692
5566
759
4494
9689
1474
2190
1377
8565
114
6190
2126
3540
6803
4158
4676
3879
1560
6616
5832
528
573
5169
3796
77
6531
9194
3487
9723
2951
7727
4885
2875
8721
9437
6595
4338
2598
896
3089
8411
427
1513
3420
3415
1015
4479
3535
645
3443
9341
333
3676
2544
5849
6750
8356
9829
3093
2068
6181
2772
4686
5288
4872
232
5250
1910
1833
4558
8399
3602
4926
6332
2774
2629
1489
4610
942
1896
617
2252
6324
2123
4087
8769
2304
2915
4604
6603
9828
7502
4200
9299
7245
3396
9853
104
8716
7916
8178
8316
2014
3448
3044
2699
9063
3134
2902
9273
4494
6707
8073
9655
8418
2358
6966
3170
9210
4103
6168
7528
585
9890
4616
6119
800
4364
1504
8596
6750
6809
2576
9349
8515
951
9903
6876
7714
1658
6457
7680
7316
7061
4615
4489
4490
1266
3021
72
5290
4270
3660
1825
8426
6964
72
7542
1579
3892
3139
8657
5021
9712
9992
3853
6064
9347
9348
4690
4954
9214
4175
7179
3573
7408
473
2933
4336
6530
1071
4263
5653
3932
3420
2345
4267
3063
5932
9362
3762
1088
988
3010
7003
4502
1021
7240
8634
5904
3224
9201
1044
6462
2539
6686
3762
7354
9810
5200
5560
7706
7808
9795
1983
5046
8508
7156
526
9920
1097
7408
856
1653
3470
3131
2126
6110
772
3226
8373
7011
350
509
1282
4365
1042
6989
9522
5510
9301
9485
5991
5232
2198
4752
3356
5214
7472
2967
2121
5411
2435
5813
4098
8613
7100
3697
3450
6797
6817
1559
2213
8783
4057
6556
6218
1968
7144
1435
1079
9928
2488
4321
3584
54
6082
4753
3279
346
5292
3285
5807
4931
4653
1171
4292
2566
3932
9047
3489
1607
7095
930
7373
935
7535
4847
4768
5003
2864
1790
9751
7060
2798
6303
3879
5024
2138
668
878
5005
2101
9235
9012
8037
1084
2783
6897
3931
8321
1474
8633
1088
5130
2417
8402
9009
9490
6124
3014
5137
7790
2840
2148
5663
4234
811
7520
3396
7218
3172
8299
3915
429
3348
6765
7709
3427
3373
3391
120
6991
9637
6293
3787
4255
5142
7576
5137
3976
6374
6866
9239
9383
4751
6722
2619
6146
7162
3568
8948
2909
5164
5099
4680
6585
3309
6349
6766
7943
1296
5872
5793
3962
2452
8761
5885
6313
1783
5075
4585
5940
2418
4855
5633
8622
3221
7431
8430
249
7695
1114
644
6080
1977
1425
8137
4205
432
3832
429
7899
7822
5113
2362
533
2292
6282
9785
4093
1702
8870
8958
7418
3139
2089
8482
4712
1167
4325
8267
9843
4943
9266
2442
2174
1200
8307
1680
2877
6340
5363
4270
1524
4954
9277
8008
4726
3529
347
7140
6351
4744
1687
1525
2157
4413
5293
8351
9849
7265
8561
678
5876
3549
8269
3976
252
2179
7555
7523
4350
9770
8705
9252
2565
7383
9602
7885
8480
5925
8096
8946
6434
5490
376
1089
9811
501
5350
9947
3860
6831
5151
5763
7088
397
878
178
1597
4199
7014
3925
9218
4297
1302
3924
6355
1467
6746
1887
3367
7022
6942
4663
107
7222
7773
1510
1519
8191
9048
7804
5262
7805
8371
8983
1339
3012
153
4350
6550
3392
2719
5002
2270
5362
342
3697
2129
1848
4234
2849
2303
9240
1112
7462
2253
1769
6156
3544
1285
1997
1160
1028
9482
15
3152
6324
7625
5349
338
4750
2203
7506
9924
7974
8183
3627
8534
5521
9092
2403
5142
9479
7068
7990
2194
2148
9133
942
7639
3147
8745
6709
8425
3287
2557
5896
2652
2400
5502
4565
1454
182
6431
9281
4807
5469
1279
5751
937
1398
4960
4016
4114
2437
1698
8028
6064
3796
6942
6555
1716
1155
6911
9099
4687
6330
7530
6254
985
8014
4254
3287
5088
5323
1846
512
5869
676
3068
8907
211
4596
8376
6548
3569
2432
4517
8927
167
3531
8500
4739
5141
6853
2123
6978
766
6033
8085
7476
2955
3490
1485
8399
4844
577
677
8373
3306
2958
3712
4362
2920
2000
6512
5873
4296
5114
3337
9858
9066
557
837
3433
7070
9140
1681
2014
891
6576
3940
7565
1784
1344
1199
8034
695
6268
2400
4995
2658
8206
465
5865
1549
7262
1005
8763
6587
4345
9171
4313
7517
5789
5491
8643
3029
6180
8405
6244
5752
6202
9001
6206
5586
1196
5080
1427
9876
3935
282
8621
7256
8714
5441
1563
2165
1986
9203
5544
8462
2256
7829
489
8292
6336
5122
339
4124
5353
7211
7751
1052
1108
6696
9996
5502
8491
7852
4279
6151
7631
807
2360
7777
5077
8470
4372
1316
6767
9973
4235
1860
8627
6260
6198
8340
6170
9191
7007
1320
3575
7799
3692
1032
4561
8070
2777
5280
3695
9360
6033
6564
3008
8364
985
7761
8436
354
6825
3167
1210
7655
6119
2963
1526
6772
4850
7936
1166
7829
2665
9677
3330
1245
2614
1026
2262
7046
7370
748
718
2614
9957
2912
3829
7277
3570
1772
9465
1083
5181
2345
2854
575
1858
5197
9149
3417
7859
4525
9521
1953
2534
1167
3535
7985
4809
2285
1303
5757
2403
8853
5803
4915
5144
702
6275
173
4872
9526
282
9396
852
5014
1432
5806
6318
2727
1981
6952
2573
4957
6535
9806
7402
7457
832
4423
3034
4061
2408
7039
6072
241
8474
348
4957
7426
2301
8977
9151
3474
7689
7296
147
5787
5684
8506
1249
9204
745
4915
4867
7014
9235
1633
4057
8696
2891
1747
7612
2439
5900
7807
412
578
8239
4531
5513
81
2936
4124
2603
2485
284
9573
4030
6506
3741
3975
8429
1722
84
4623
5385
2971
7258
7006
9831
8360
3891
3370
1780
62
5544
4321
8853
2589
8879
5213
7087
8350
5784
7347
4591
2499
8662
4614
7144
745
4185
7801
7959
2731
1684
7761
3268
2449
864
2168
9559
7061
2140
2814
9781
854
8687
8202
5222
9541
7676
9711
3667
8925
1649
9033
6673
8816
4076
1175
8613
4892
7961
2386
1619
684
9468
8827
5287
4474
9672
980
1247
8771
1643
5636
4131
8339
8054
3390
4146
9568
5756
891
3546
4546
5494
3619
1236
1711
9248
3611
3993
4821
36
6153
4069
529
7889
4115
5175
3548
5831
4933
369
6693
2146
4497
2115
714
657
1280
9390
3200
2418
2711
72
6882
5451
2389
7931
9093
8583
2248
1705
2810
140
1824
9937
1165
6885
203
2007
1147
3441
2175
307
8160
9495
2855
3208
8702
3891
324
8047
1610
1650
8885
5071
7776
758
658
6203
6134
3238
1393
6025
9214
550
8331
2523
7221
750
1913
6075
8521
9577
7496
8711
3640
5404
1819
4791
3683
513
1104
775
1025
8864
8411
9733
7984
5033
2238
5481
3830
9232
1290
3740
5206
9189
5327
3798
8734
6495
8015
2056
5068
6164
369
1634
2881
2135
5618
5267
9678
799
9509
7211
427
6160
2331
8286
1575
5785
3950
2407
6297
3129
5271
1830
2980
3534
6031
6840
7850
2347
6403
8593
2327
3446
2208
3721
7998
2811
8334
2640
4530
7232
1754
8111
9066
8887
3707
9005
6871
7369
5397
6682
8754
4405
1660
6108
7150
8901
5264
4275
3437
5881
4311
8011
31
658
2489
7102
9109
8525
2101
499
4131
7321
4784
8199
8211
6007
4365
8966
2118
1118
8920
294
1670
9976
6285
4529
4424
6589
4054
9037
4605
9562
8001
681
9671
1949
7728
822
9608
1215
1017
8639
8549
7998
3934
3991
1770
3654
3911
718
3224
2572
219
767
8169
9879
4334
4169
9876
3707
1316
184
2940
1219
4660
6687
9987
9498
5815
9909
1291
4023
8416
1913
253
7202
1510
8546
5731
9783
5516
7160
2575
8582
5505
2393
3135
3349
5523
3817
6232
2851
4687
4809
959
2057
243
8498
3623
1887
3077
1326
68
247
4316
8308
3422
5290
7084
2270
9185
6478
9375
5640
4401
3409
7567
5128
6523
5109
6848
3876
4071
9816
4906
420
7514
4174
9540
4709
1239
2365
332
9575
2325
8021
8115
7956
3468
922
2373
5102
521
9839
1190
9443
9441
4561
1880
3231
8243
6653
3113
2703
7877
8463
8409
4221
4816
5512
4874
77
5848
6027
8160
6467
5667
4404
4168
1374
9404
3941
2404
6517
1551
5631
8308
5661
3460
5865
1761
756
6425
9488
3282
9437
5847
3612
770
7464
7831
2538
4201
397
3661
7819
7398
5957
6530
9784
1662
517
7488
1920
6686
6104
8695
5216
7245
456
7773
3118
2621
3001
4561
4323
3664
2322
1632
146
6454
6825
7169
8600
1621
1785
2459
5810
6130
8691
6758
758
2923
1646
6655
6399
4903
8300
6565
8200
7925
8955
6320
9540
7025
1300
3793
3160
565
819
6452
150
2268
2484
8947
3543
8225
3862
1060
9763
5687
2415
5299
4256
466
2076
4394
8197
3426
403
8604
9002
9295
7927
2049
4750
8848
4711
411
852
7078
8612
1256
8140
7925
1468
7072
873
9699
1112
2542
500
1129
3054
620
3804
9783
9556
8071
1607
1891
3810
6609
6490
8145
4994
6197
5441
2015
6679
6757
6044
4743
4999
7359
8791
312
4183
6270
3492
8974
3425
6925
6454
9917
2596
4598
2428
8173
9177
6569
7529
6943
4061
3528
1196
2814
7792
1471
1329
4561
6968
33
4275
7581
9890
1725
1004
2295
4183
3887
6026
2934
8599
8419
9008
6951
9397
9013
7702
2954
7503
3028
3854
1450
2216
2436
7349
5514
595
8947
2801
6331
3022
3571
5885
9114
3529
5318
9870
8614
8561
3256
4785
3103
7534
262
6084
1322
7189
684
5326
6529
7755
5900
5483
8183
2343
8923
7079
617
3745
757
4790
6720
6605
1553
670
3651
1711
2447
4978
1994
634
2317
8909
9565
1513
4233
6279
9435
968
1105
2950
4614
6928
2982
1715
7211
1277
4927
392
8719
398
1082
1396
2277
809
9693
6395
3261
1960
5755
5804
790
4996
4610
80
7108
3004
5872
4908
3613
9826
6598
6195
1197
3842
9301
5164
8569
2608
8821
2715
5728
8781
1861
9438
5294
7750
8572
7702
3466
2617
1518
6016
8623
420
6474
7903
8
7596
8976
584
6005
310
8256
5850
5834
9126
8797
2376
9590
2114
9649
8212
5152
6498
7882
2889
5902
4871
226
3477
2064
4645
1404
2289
8377
6878
1210
7487
3501
4172
9308
9119
9862
250
1587
6318
9441
1664
5267
699
5749
953
7607
6087
9748
2914
1998
7865
7865
9106
9955
5419
3825
4464
5354
8260
3591
4998
1206
1874
9432
7856
5016
8084
4357
1473
4178
8898
6070
1442
874
9562
6043
4887
2330
3720
1086
9937
532
8625
8820
3417
2466
6956
9267
9631
5643
2172
5165
1408
7026
6558
5883
2141
8025
332
2997
2862
2131
2668
1421
9810
5686
2457
5659
4097
8239
8076
3891
4657
9888
4134
563
5665
4996
4316
2008
9062
5587
6959
5329
159
3521
1670
3691
3911
241
1947
5707
1366
7080
3840
7210
724
6540
1580
4938
5260
6058
8533
9111
6616
6870
6443
2841
8911
173
7807
198
8936
3079
238
7988
9225
1273
4367
2348
224
870
6452
3562
8061
4950
7312
8753
219
7870
4118
1035
1498
1263
3529
9182
2458
7499
2469
4491
4165
1393
7145
7472
313
2410
5120
4460
3888
4796
2539
6434
9886
8412
6028
8951
3799
6112
3873
5702
523
7410
8364
467
2848
6817
2139
5549
4265
9538
5704
9964
3512
3348
2527
4329
7965
5520
6199
1933
618
6207
4255
626
421
9301
4519
6630
5448
9036
1480
8573
5225
6428
7009
1654
945
4853
8655
2966
4348
3519
2264
9425
2156
4121
6916
2695
9977
5998
6488
4602
5257
8485
7456
1454
1592
2183
280
7498
5364
6284
2184
7611
840
1310
1210
7399
5043
5215
7513
3358
3828
3015
9576
3421
7189
5269
3132
8061
1265
7094
1302
6600
1570
292
6449
7771
3515
7750
9748
439
7807
4949
5845
9330
6605
6990
9003
74
9673
3891
7566
7274
6615
2332
7645
7477
3398
4284
9579
8590
695
3438
2134
8538
5049
6990
3126
2430
7539
2580
8143
4306
1293
6731
7731
5271
8091
9695
1783
2276
806
2901
352
1372
9
7237
2826
8556
4981
7746
6997
1808
114
3930
4908
5845
5314
1336
4979
5369
5491
5719
7372
7839
5186
5969
6422
6670
7158
5446
7027
4649
16
7240
9605
2570
7981
1203
4308
2263
5109
4282
5742
7174
9923
7516
2556
4365
945
7542
2428
5346
752
6546
5536
9729
9521
9213
4787
8636
6675
3157
1779
9180
9961
7057
8272
9030
3671
8348
6751
1097
6937
8089
443
964
9152
2858
4809
2212
2090
8779
7414
7403
2157
9977
6335
396
9888
4625
3964
2003
9685
3491
491
8850
1399
7700
8661
8885
1980
2835
8206
3447
5175
1315
6942
4206
2077
7223
1495
1729
7265
765
3187
6410
2558
5537
1020
6486
5665
98
5015
9288
8881
6081
9166
7214
3404
1349
9160
4732
1375
364
679
1749
4497
7132
4045
8456
9452
9272
8332
9446
5226
3246
9017
9041
1976
9420
2956
8960
4137
7555
3447
1968
9578
5092
2912
4341
4173
4759
2317
8686
2020
731
9611
2326
2172
6136
2827
38
7940
1071
8106
3447
8328
8515
4203
6294
1758
3953
2963
9329
1612
5146
7888
2669
1108
449
6151
6330
3278
8592
8553
6862
3248
6933
1425
1694
4012
4378
8988
236
4262
1298
2598
7801
9073
9711
4301
7275
1573
1793
9972
5002
2302
1977
8934
8821
84
219
3525
2130
8019
7314
5694
7938
3703
4525
9979
898
9813
3783
8309
1374
5800
4021
8003
1680
3671
3320
8547
1638
6464
8610
3284
8194
5027
1557
7422
2970
6413
3143
7118
9344
1360
9874
8866
4908
2587
3879
8382
1718
4955
4195
9608
9664
6606
6778
2038
1087
559
640
306
7882
9443
3079
262
3002
8623
2370
8538
6322
4020
1367
3432
8281
5720
3651
2424
8098
4530
9864
6077
3741
5138
9698
3515
294
8219
8023
3603
9610
9581
8860
9660
9354
6035
7236
4688
6985
9766
6339
8880
8128
8908
1569
3013
4048
7409
3643
3188
5959
960
5491
7629
6827
798
3735
4273
7524
5907
4671
7773
7447
4358
2864
6327
5180
1523
8750
8659
913
1260
654
8403
7351
8154
3577
5385
1482
3390
8700
3018
1711
8872
9212
4082
9029
5730
391
2765
5134
5931
8070
1593
7559
8844
415
2822
9011
9336
9767
1638
7606
1796
4773
2743
6541
6368
6433
7450
9883
322
7467
5391
3997
5038
3480
2367
7199
2564
1766
5286
2824
4710
2913
2363
9168
7203
5247
8077
2579
2133
6870
6555
9773
6308
925
3952
4324
8501
3727
9066
7878
658
4076
8613
3511
9495
8025
4585
9404
5142
2328
8109
2150
2664
9971
5910
4726
5041
3522
7536
8015
1199
9484
7655
570
2254
6010
9714
8354
5514
1894
221
3631
6419
834
2098
3632
8118
6854
7092
33
7886
3953
5111
6397
7126
7184
6415
9756
4889
2797
9235
509
7720
9279
941
6000
8264
4287
9346
2282
2885
8730
6329
3163
1783
8914
217
4204
9888
9264
3107
2113
5582
9828
4713
3759
2755
9165
8921
2535
8591
4356
2715
1360
615
4370
8931
4499
2484
9713
34
3184
1850
1104
6992
622
7011
7793
1918
2159
2424
2700
1611
6913
6507
8918
2693
7169
6436
8701
698
3803
3814
7098
2026
684
4221
9225
842
3768
6807
4468
2440
2071
2652
9355
6422
8299
6715
1744
4277
3389
4786
5039
5984
5349
5161
5771
1633
1079
8732
6676
8932
8202
8404
1156
6294
3093
9968
7368
7097
7619
805
4428
7607
1333
8655
3599
4624
6838
1219
630
3699
8762
3267
7884
5285
6543
1036
1703
2448
3942
2656
8454
9979
7643
3451
4950
5058
319
9796
6260
66
1831
6258
9885
6883
3373
7048
4833
3058
3428
1327
438
2810
3274
1614
3768
9055
8326
8760
5918
6326
3056
8867
8808
2244
848
1504
3732
5890
3294
6940
384
2906
3673
3842
5098
9377
643
4058
5364
944
3705
8066
6227
6768
2865
6008
2598
1921
284
7921
5299
6872
3483
4665
477
3315
5645
3367
4274
3962
2806
3196
7457
7220
6780
8776
6616
2547
7003
4874
6620
6989
9064
7602
7666
9032
8963
9188
9178
9025
5925
9803
9547
9944
2713
231
2217
9788
407
2868
7523
7535
5147
1785
8249
2581
9701
522
6907
8447
5881
7258
9933
6350
2966
5713
2375
3718
692
2854
1992
4897
3062
4617
2282
1004
4127
3248
2368
2418
4450
219
3628
9171
9169
1030
6830
9345
8039
3883
9463
391
3409
4337
8476
2070
5478
3797
917
4718
3048
1923
4693
1269
6819
241
6548
967
5266
8072
1783
7354
9345
5104
465
3564
7260
5655
6307
3323
4727
4414
3680
9873
6471
9313
2043
2699
5053
3488
4193
9636
7203
8942
2499
8466
5327
4149
8172
5101
9349
7748
6865
1063
2024
2951
7238
6621
6913
2417
269
4696
1192
3353
4041
7424
8559
1118
9345
4254
1119
103
8832
4013
3129
3068
6025
7484
8174
507
8935
7730
4443
9752
3858
399
1500
7284
1583
8586
8914
4296
4447
1484
6655
8606
839
9256
2301
236
9615
6742
6734
6590
4980
9547
7183
8256
7992
119
7542
1397
3945
1738
4938
3638
5007
9875
3729
5258
9039
55
5188
3614
4893
4555
207
7154
1550
2446
2501
8160
1611
5829
1121
8874
8449
2612
6471
2494
6566
2614
2904
4024
9766
234
2420
4180
2315
2458
90
1983
7787
8376
2443
3594
971
6248
8189
5273
8338
9412
5035
670
3816
4480
5898
4540
9853
2171
4534
587
7926
7358
314
8536
9457
1252
4399
5590
9530
3782
4012
2613
2231
1666
6284
3549
4862
7831
5293
4759
9862
2832
6132
6504
266
5290
3901
6571
5258
692
1104
6346
8156
2562
656
2633
1072
30
9726
6639
7265
1772
1210
4993
3478
3080
5721
7805
9401
3278
1906
9680
2735
3493
6690
5397
2870
1833
3599
5818
6669
7299
2362
1984
8972
8231
1661
4095
8597
7963
3492
9571
4450
7807
8073
5608
9742
9053
3559
9325
8096
7407
4240
3720
7409
6695
634
6902
9471
4350
6900
2173
378
9325
3254
3952
9115
3761
8774
1982
1765
7375
7943
8151
5635
8820
6364
3244
3633
9687
2715
6930
5111
2926
5292
1571
3712
778
5472
8593
3001
7168
7151
4487
548
9620
1386
3534
396
7236
1663
9273
6419
2846
4618
5854
1096
6351
5256
5154
1956
8505
7463
4527
9315
2912
8458
7396
688
5954
7017
6938
5304
1393
6884
2830
7025
1582
5672
3759
484
3651
6874
9718
2933
1180
8737
1309
5363
179
3200
3630
8875
8952
5089
409
3831
5705
349
7345
8916
5268
9831
115
3121
2038
6696
8548
6611
7918
85
9175
4805
5779
7902
8823
5181
7934
3184
2119
5050
5270
7129
9540
9817
8374
2587
6547
8583
6189
6138
9004
785
2210
7375
7299
2263
9490
2927
5855
8575
9016
4182
5720
8709
2071
9629
9058
6624
695
2842
6880
4144
4233
2567
2759
7684
8745
4587
6321
232
1375
452
2331
8651
2354
1526
5275
5838
7290
5532
145
9033
1536
9405
2520
1704
8148
8299
9193
6002
810
9349
45
6714
8515
9053
8621
6270
2291
8211
2120
1581
2244
8223
5632
7302
9751
1662
8833
3371
1554
7588
2559
5908
9994
4192
7291
7232
2622
4109
4209
8374
3629
4564
3217
4506
1446
9311
313
8700
9146
4569
9611
10
8128
9073
9376
8901
8293
1501
9305
6673
9277
2154
8445
1957
587
8370
1092
67
9208
2023
3934
4018
1780
7035
9297
1830
6502
2786
7294
2129
6257
9887
2831
915
5590
3531
5999
7645
544
1717
3349
1204
4768
6307
5711
5536
7061
9062
2103
996
9527
6156
356
7000
3313
4478
7520
5330
3657
7514
4257
5699
6685
2459
9463
2061
7963
9284
5649
7842
4236
6668
8956
5944
6847
9698
5321
1321
3294
6962
9561
6423
5839
496
4615
925
5593
4785
7827
1168
5521
4474
5159
2868
6384
2752
7063
5515
3026
2766
1706
6296
2718
1620
7087
1586
2157
3116
8846
7828
745
4793
1437
4449
8116
4136
9963
2469
4993
3864
1532
8742
9826
1222
5090
9833
6784
8513
292
7921
1345
9837
5758
3395
5641
8419
8788
3461
319
1573
7348
3940
7082
7214
7559
3845
105
136
3460
2899
4092
2952
9442
6519
8866
6243
6279
8198
2271
3044
3681
1876
6394
54
4112
4166
9137
8139
6047
4677
3305
4559
7309
6015
6981
5623
2956
6935
1618
5251
7286
8460
7518
995
3686
5223
4451
6101
6522
5615
4291
8332
9059
7527
2641
9196
9430
8854
3530
4882
4595
2231
6654
17
6015
2919
5039
5207
4752
5371
7925
6942
8788
7668
8811
30
5934
5851
5241
5199
3503
679
9407
5133
3917
5278
2587
7028
6466
7927
2296
2907
3988
6845
7747
4525
332
3536
9914
6082
1174
8870
1716
5708
7444
303
1463
3869
8510
6918
3242
1990
2490
5795
455
1562
5380
477
2828
2498
1994
7677
8559
2201
567
1326
2956
7207
6954
9504
4236
9387
3170
1307
1363
242
1368
3313
6390
8020
2825
9244
6312
3197
862
1591
8832
7561
5114
7449
9896
2409
8960
1067
3780
6450
2287
5339
8460
1748
1195
5817
2088
168
2600
2607
2568
8851
1813
6525
9933
6440
6947
6322
1607
1785
4129
2823
812
8941
1606
4565
6882
1053
5641
5527
8569
4025
1840
1418
7112
4696
2916
7616
5906
6156
7757
6228
8181
7220
3439
7160
8415
5995
4257
5867
4220
4829
9718
3254
2305
2714
3497
2309
2671
9795
3626
9635
8276
9490
7999
9278
7075
8358
4649
3897
7310
6987
5333
432
3182
1624
6218
9558
1216
2226
9350
9659
1211
6766
5904
137
9393
4708
169
3326
7362
1135
789
8644
4472
961
6191
5819
1235
9987
5774
8344
993
6489
8770
9862
536
3892
5946
4651
3236
2817
2326
918
6376
4560
7572
372
2850
4815
7034
3570
3952
3668
3919
6061
265
8793
949
7093
954
4610
9030
8032
6189
4586
6843
2667
3271
59
7203
59
463
605
3974
6449
6630
6358
8055
3563
199
4527
4543
7336
7149
8007
7403
8660
6923
6480
5700
545
604
6855
2135
5478
3912
7810
4017
6049
5423
7938
1273
4521
3045
7000
7450
1599
1146
180
7803
7698
1749
2232
5436
5137
5612
9819
7791
4843
9859
3001
6321
3810
3870
1016
6324
5038
5413
2821
4570
1134
7443
6621
8400
250
1467
4008
36
116
7384
5279
4549
8076
1470
2430
2998
1827
2274
181
6302
5495
6739
3608
2031
8124
9748
1046
816
9948
5464
1495
4970
4374
6952
1375
7707
6786
3875
7599
459
5876
1763
6235
4889
6031
8200
7301
4848
7696
2803
6824
4507
5483
9553
3953
8162
1252
8562
5032
6097
1828
8757
780
7299
27
6530
3868
3216
1956
3811
9683
8032
1268
5472
8779
6411
4668
1685
5969
7742
9679
4594
8921
4188
6701
9744
9000
863
2189
5915
6064
2169
3529
176
3049
4476
3779
7796
6153
6705
3398
5438
4134
2905
7575
3842
6595
430
7114
9899
5047
4261
1889
4981
1947
1427
9999
9060
4337
1913
4443
2884
4882
2925
7280
7246
5120
2982
6609
1715
6330
1140
4474
8232
6014
1785
1889
6526
7960
1496
8940
5661
7817
3209
5452
4557
5139
1238
6774
1713
5104
8997
4867
8864
6099
5489
6989
1041
358
9159
8730
5058
4194
6475
7109
1061
2013
8277
6967
168
4302
2092
6869
9120
2940
6492
371
7713
4436
5351
4038
5771
3545
4326
9047
9588
1718
8377
9492
9279
1199
4771
6608
5927
9638
9547
7131
186
7865
8832
6796
2820
3192
3293
5194
1430
852
3365
8442
1235
7203
1611
6435
9639
6065
9664
6029
7924
3648
5577
9144
9627
4880
3549
6409
6243
89
3768
303
4889
2389
7775
4036
6389
4075
4145
3999
7812
6038
4661
1862
9047
3252
2886
6208
472
6202
7816
5945
4308
3509
2149
1231
8025
5003
7833
4985
8845
7872
5478
1687
9736
5668
5237
596
8000
314
1578
7800
2751
6996
1826
2058
9619
474
4748
4707
7553
761
1457
9677
3607
4264
4801
6011
4397
1717
1595
5650
599
9438
9289
2981
1754
3996
8758
7246
4920
6682
2701
4104
8218
6675
4047
5034
441
7593
8209
6430
2328
1730
3023
495
802
4429
9521
1712
668
4211
8153
8554
118
7224
1029
1310
9651
5296
2263
3672
9218
6814
3982
6164
5929
6008
1937
586
1533
7878
7576
6373
9617
7833
9111
8658
7432
9641
9592
740
9000
4391
7092
5956
4205
9729
8605
3413
8903
5780
3291
4038
8818
8811
8209
9168
9792
3317
9451
4383
6837
3749
4311
5326
4670
2819
4173
6235
9822
9632
3372
8473
7623
4774
4818
7636
6193
7870
5191
4800
7115
5323
3959
7322
3691
3508
7530
1568
5091
7904
9522
3100
8403
1273
3168
8587
6820
546
6964
8413
6184
4197
7039
2709
7004
389
1606
8255
8550
8610
4790
7009
3233
1371
1118
3306
210
3726
9677
7144
1639
1131
3465
9590
3883
3799
6233
3457
2616
4107
6160
2316
4425
1052
6166
3674
2667
9222
5109
7800
9008
6754
3773
7261
7295
6023
8356
7913
8059
4300
5678
1259
8126
4524
3972
4751
3986
4658
7476
7444
5549
2691
1557
6092
1798
1739
6854
4812
8360
4111
9426
7507
1090
8482
7505
8792
9304
4483
9086
4076
3290
7555
8992
4206
8558
1717
2008
4973
8892
1582
1430
1592
5271
2476
7144
4433
2419
355
7441
3201
4919
6818
1441
7925
9105
7637
7526
7221
3232
3859
527
197
8658
3335
7081
7925
7306
2828
936
9795
5325
1137
5220
5472
7050
5276
7869
5312
8387
8459
3436
3435
4077
6133
7319
6225
8352
4703
1121
442
8395
8859
1484
3322
3623
3531
1563
6980
7062
5507
3481
5270
6360
1340
2000
6354
2474
9317
1111
1388
2555
4676
1259
5743
8908
9227
9096
8235
4388
2053
372
9945
1229
9599
5608
7887
7167
227
5404
7502
822
8288
4286
3768
7298
1478
335
3680
9579
605
906
746
4767
6837
3313
6625
2746
1495
4950
8903
9265
5659
9268
9191
1995
899
4807
6598
2972
3749
4222
2152
543
1558
6123
9615
4271
6449
2405
7727
9634
8182
8635
1484
4338
6928
5524
7365
266
607
2279
186
6010
7540
1108
1783
1623
7339
5438
3253
946
8098
3558
6822
6051
6360
757
5631
7154
6545
8149
7218
6049
9030
5645
5512
6953
7753
7143
478
3392
1734
927
71
2788
3732
8426
7503
2679
9675
8161
3087
423
9824
1336
3228
9816
9884
2639
5498
5088
7179
7173
3822
4542
9696
5860
2674
6856
5125
5725
4161
3024
8751
7329
7266
6115
6769
7929
849
2350
1735
8002
4120
8621
1571
7096
2302
8321
4997
6318
3526
6428
5922
4952
9256
9884
2023
4101
5836
9810
3511
8972
4546
1935
4992
1521
7839
7530
2604
1476
8386
3072
9492
3495
9813
5384
7294
5482
9135
7410
5783
5733
8214
5771
3019
4913
2914
4031
9265
5203
2668
8652
1812
1606
5957
6191
7948
6004
9411
142
4892
8433
8598
7073
7908
9540
5289
9534
5686
3922
3060
8831
6997
7225
638
1
9338
2934
1168
5308
8993
1555
2965
8666
9888
9248
2749
1398
823
2061
1889
4979
6402
2290
4193
3958
1724
8652
6760
1488
2686
3492
3873
2636
9525
3612
9347
7762
5906
1481
2728
4373
2874
5208
5371
1087
622
2735
8080
8407
9109
5105
1981
6396
6853
5020
2326
7745
3200
3923
5463
5749
5723
3155
7786
4302
698
9157
8184
657
2647
9695
5532
8672
2178
7335
6003
7248
7330
9429
2496
2902
6586
2067
3436
8110
6118
7460
1866
1416
148
2254
1961
3167
3392
2597
6818
7703
3320
1941
3457
6115
7070
412
8897
1648
9324
3202
112
5441
1169
3223
1346
807
3642
9703
8353
2877
5612
3900
4929
8206
797
3888
8738
3203
6994
9372
6031
237
7795
4562
2147
9147
6491
8660
843
5161
9756
4624
9302
8421
6719
4105
9177
5807
5017
8466
8688
2796
3289
9881
4511
7703
13
6685
8438
4085
8324
1950
4195
7315
3775
3872
1217
5902
6689
3323
5134
8431
6086
498
842
2689
2031
190
3899
3504
8107
2823
4365
8672
4929
5135
8279
455
7770
2234
6058
8360
4731
589
546
9821
5856
1858
9039
9632
453
405
9037
998
5389
3071
7119
7593
7798
2028
2522
1472
6100
5259
2397
5533
937
2433
7519
2914
9782
7514
4769
3777
3259
4238
6738
2959
7034
9228
5089
1284
7962
4870
2557
9634
1479
9576
5305
8784
4631
8422
2075
1218
8024
9553
5443
8966
5764
9829
6697
3597
6870
4882
4879
7539
1111
3381
6757
9822
7969
7299
4460
4271
9893
5841
9330
7384
7623
5011
940
1627
5815
4527
8450
2522
4571
8557
6787
3968
3671
1502
9258
4042
6495
3829
8312
6964
4259
7142
6513
2572
3065
7306
1587
8325
4937
9564
8992
5611
2353
3939
9709
1661
7225
8765
7714
6988
6241
1252
6514
1902
4534
111
3909
6527
5587
3896
2449
6214
3316
1749
2328
367
8838
2357
3386
6842
2875
1130
266
5471
7609
4365
4206
427
18
5650
6305
7484
5502
7129
579
1862
3156
4238
1728
4815
3928
3006
429
5661
6606
1366
990
1114
8973
4233
9717
7649
5710
3966
3766
7928
9027
644
7014
9289
8725
6499
4497
3279
3974
2433
954
5417
1334
5437
1053
6942
6928
7771
1
8398
6036
2301
1289
5505
4496
2826
3257
6446
5175
1741
6326
9418
8564
9277
5110
7675
6583
9700
7943
8231
2685
3855
8795
4142
4495
6737
369
7521
3425
7460
6943
2077
7339
7565
2635
3000
1460
3946
5881
2727
1129
1675
1535
5241
206
6571
2484
4852
7211
1561
1542
1162
1000
2199
443
7687
9075
8046
48
9370
6654
9932
8797
5070
4054
3996
8009
8323
9277
6256
7034
2958
793
2028
3556
1306
9782
9186
1251
585
3526
5910
4084
6443
1449
798
4557
8281
6360
7592
1949
6431
8346
8536
9646
3492
5066
668
2919
7207
1968
4669
6030
5303
3467
5588
1611
3599
3392
71
7447
9325
8412
4143
3459
8654
2165
6599
4917
6727
6239
7443
5182
9650
5067
1787
4263
9843
1162
2450
2329
5222
63
6535
7163
7960
9730
8279
7062
3310
9808
1053
5205
5173
5456
9560
6168
2871
3457
7895
7064
231
7311
7891
8901
7801
2260
489
5066
625
5275
6867
3730
7878
3663
6177
8740
7267
6946
1881
906
490
1626
9881
5728
2133
5910
9445
4823
2667
4815
5537
6009
6314
2425
380
6551
7623
537
2103
8445
160
1744
5969
5351
970
9669
320
6814
2956
6672
110
3995
791
387
7438
60
8784
2067
1305
5348
1980
4996
4442
6028
3975
1396
3890
4567
7952
3325
9848
4964
6101
1022
8817
508
8550
2995
9991
955
4249
4592
5978
492
4266
5725
6832
3821
4604
2395
6986
2050
1872
1717
2356
581
9168
9282
7160
1579
9657
5814
3649
9617
8435
7048
2615
6277
5743
4670
1675
9314
3900
4245
3584
2867
7237
1453
5364
456
2586
6609
3642
7110
3034
4420
5958
7961
9290
9943
1540
3829
372
1607
277
5162
9231
7363
8102
1830
4583
6619
1167
3828
7561
9636
8358
4962
5422
1896
1885
4560
7041
8986
1646
9700
3182
9367
9873
6123
9288
6936
3448
3930
4103
1620
9928
7378
477
4946
9956
4738
5652
620
3975
1206
9462
5280
3486
5534
7287
5152
6224
889
3219
665
3003
3984
2912
4144
6555
7839
415
3448
4633
1118
8453
1633
8351
574
1712
1978
5908
718
7320
5719
5720
7581
2324
5134
3165
9866
7846
5803
3184
8168
5764
7363
9395
9581
84
5445
2728
5978
3315
6748
5692
500
7538
194
2701
9616
5757
2495
185
2974
3369
2639
5429
6220
2794
6129
7319
1980
798
4411
2001
3040
3466
8091
8987
4561
5375
6264
1275
8974
7400
8024
9267
8274
4418
1531
5655
4910
1528
3316
9065
5110
9290
4759
2483
6344
8394
9902
5024
6550
6516
9301
8744
6933
9303
8214
2855
766
947
7183
8760
209
2801
5919
5571
2154
1913
704
5952
4844
4004
6701
9926
9049
5072
7861
9157
7444
5273
9816
9404
605
7690
4190
520
6843
5728
3511
3690
857
2998
1789
9332
8391
7538
3573
9344
4385
1996
117
2732
1180
3174
5743
8902
5580
4781
2091
463
4020
6795
6308
1231
6821
9621
1737
742
2551
3608
9651
4266
8629
2827
8757
8722
1842
1985
3007
6430
5242
4509
974
3472
980
7298
9726
9067
6387
7351
5151
534
4876
83
229
3997
1057
6538
7417
4437
5996
9924
1597
1818
8216
3670
5373
6519
6632
1248
5713
8272
3707
1762
1503
3951
519
3387
3981
8298
3986
4032
3364
4413
3648
5174
8976
394
6903
6204
9444
6377
1678
2775
3018
4765
3044
9707
4184
5830
5773
6483
6126
8604
3222
558
2012
2766
9514
246
9713
1319
4221
8814
8430
6393
6725
5895
8040
7561
7289
5839
764
6551
850
9735
5630
6425
7198
1647
6378
5683
5907
4384
3067
8996
1792
1045
4009
2336
7215
9543
205
9526
4775
6580
2064
4829
6862
4171
2514
7392
1228
1991
8871
339
6986
678
9484
8224
1130
2724
8423
2707
2368
6409
4875
5790
4589
5835
4266
5402
6108
9441
7814
4059
8949
9638
4560
3246
6080
5110
3074
3713
9508
5241
520
495
9389
2328
8600
855
5307
2224
8130
7305
1719
5122
5475
2108
9825
9333
5652
2606
8420
4505
175
6777
6395
8217
4753
6286
6013
1996
5691
4658
6324
2503
2371
193
7244
1619
8487
467
1734
230
8449
7353
7260
7825
2118
7732
6319
2997
3033
35
9292
867
1661
8006
5469
4991
6743
7364
5787
6528
2049
9077
4465
6871
1131
3405
6413
8185
5357
8070
703
3674
7159
5448
8244
5272
5001
2168
4332
817
5822
8778
999
4962
403
420
782
5214
3430
209
5454
6263
5577
4495
1023
5179
1382
3510
9251
7438
5341
4117
3658
8896
7000
26
5826
5931
7743
3821
8092
9644
3831
9049
5593
2939
9750
6057
4948
4648
8690
6716
7896
3652
8183
4644
178
8393
199
2080
8226
8183
6475
8995
3051
8333
5224
5569
9082
8976
5965
9527
643
9866
713
788
7654
9986
6105
9463
6593
8515
2591
6790
4543
7692
5310
7592
7582
1604
7698
7648
3390
7288
6908
5046
2901
5603
7355
5620
3984
9161
503
3962
3092
3647
6934
7054
4643
8570
5793
323
7034
2706
785
981
3062
4595
1699
6159
7094
6977
1547
8297
7292
6069
9524
1793
4462
2712
5781
532
809
4090
5888
3881
1717
8096
8708
3915
4659
6600
4658
8578
6866
730
2476
2284
753
4588
6409
9868
8304
9698
6582
3295
7391
5617
7382
4456
824
6719
5258
6023
8024
5128
8060
7642
5816
8575
9973
1232
6138
3551
7631
4550
2159
7261
2436
8960
869
9501
7605
4597
7342
4301
3799
7735
9563
8305
9223
3918
4871
4876
4190
9297
5553
823
4640
624
1538
4370
3039
1824
7916
9221
8204
5092
435
5793
8893
996
9093
2951
9306
1053
244
1284
4450
677
2757
7417
8490
2681
7809
2755
4581
1492
4521
6555
5248
270
7398
3547
9700
2480
3934
8683
4350
6623
9219
56
6411
7709
6597
4977
7085
135
8664
3165
7163
1707
5552
8364
7828
2267
5752
4616
3299
1111
9075
5879
863
4458
362
4640
9002
9571
2643
2584
7049
4189
5058
3192
8290
3453
5146
6429
6545
5113
7308
7995
2870
9376
4000
4383
5336
265
5954
4879
4717
363
2931
8096
7697
8534
8080
2245
5603
7581
6720
3630
3376
6465
3350
8932
9367
7179
4182
6047
1691
1749
5493
9731
1943
6021
3130
1109
5355
2471
4608
3597
5477
2374
2461
2922
1995
5687
6285
6476
4789
5763
7479
7474
6792
1375
8769
400
220
5625
2672
7309
8782
7008
4071
9719
1714
7312
1488
1987
193
5481
9961
7749
4416
2252
6390
1384
2865
449
3285
3770
2546
1352
2174
5335
3876
3066
1784
9297
1654
8475
1161
4297
1967
3006
6470
9372
5387
884
2184
8909
8957
5459
4976
8171
2722
2656
1089
6655
6166
9305
1371
2484
528
96
7880
9123
4488
9495
7663
4329
713
805
6710
1944
8866
8595
1461
5975
1334
6038
9670
9222
6515
9929
3544
1491
4656
4998
6130
3682
5487
2544
4388
4301
7026
512
4746
8295
7562
3259
2506
3806
9674
5724
6284
2461
6170
6195
4633
6027
7431
9833
7484
7844
3208
1279
6390
8641
5932
675
1790
6998
1343
7693
8693
8552
939
44
8406
1114
315
8440
828
9235
1035
2420
2063
5325
6955
850
3350
6188
3891
6946
9984
3032
2800
6937
1198
7305
651
9690
6807
6511
8539
2547
4735
3420
4465
1303
5410
8446
1218
8819
2875
7548
5618
4399
2513
4395
2602
3588
416
1758
2076
9572
3269
8345
6718
1130
7155
7552
2370
255
2692
401
3510
2358
6633
5450
8903
1157
3346
6552
5552
8576
4425
6349
6529
1379
6328
7517
75
4300
6763
4645
7351
4739
912
8937
5590
8984
5483
5737
1955
8487
6390
3423
3349
3929
9526
2183
6353
8010
6680
3371
140
6115
4570
6714
829
6772
1991
9733
8273
9744
10
1574
3193
4372
8884
525
5181
4773
9784
7128
8516
2725
6803
5837
5883
9394
1401
6056
883
9227
9066
5548
6072
7680
8564
7256
6251
9765
3042
871
9873
2130
290
4483
7700
6410
821
9048
3399
2518
4271
1393
7239
654
6958
8689
6845
6771
6359
9391
7473
8636
5947
2607
9784
6795
6873
7497
5485
8410
9918
2025
5758
7304
9239
3874
2189
5034
5191
9343
6167
8975
9107
3032
5714
8341
6379
1597
5263
6690
9508
6210
6782
3232
4576
9159
1201
9847
382
1699
1881
4600
4654
5581
3181
4324
6125
6230
3945
2887
2670
9110
8834
2613
3498
3041
3511
3023
5470
7718
5252
8593
595
5124
6752
3483
7851
9673
1975
8442
8839
5641
130
3698
406
8743
9217
4763
103
7091
3882
7813
3791
8112
5755
3098
5078
8097
4844
2270
92
8511
2128
7573
1161
9993
2730
3905
2994
4105
6333
4246
3688
2783
8235
6061
3834
2364
4303
705
3002
3613
8374
5241
4909
1042
2455
5010
1644
154
3540
7849
5448
3917
9640
2578
4075
2486
2672
6296
7561
9610
7431
7905
1572
3513
8122
5916
1359
5024
250
1386
4714
1017
7743
615
3501
9136
9737
4771
2704
738
7442
4193
3815
6804
5168
8892
9163
6989
1814
3105
7586
3121
3610
4909
7505
2011
2113
2131
9224
8903
5511
9610
59
7577
1627
2753
7185
1805
6726
4496
8902
8476
2428
2397
5099
2823
3211
5639
5005
9316
4993
9138
4963
6482
6506
8367
6001
2426
8054
7287
8377
6308
7625
1269
2721
