3611
9098
4501
852
3821
3086
1267
7453
6550
8495
7818
9002
3722
5724
6184
3243
3519
2202
6952
7081
2179
9383
5924
4731
6985
3871
1860
348
1313
695
3671
6484
3571
9863
2525
9074
2520
9429
1328
907
4261
8524
8125
5532
8789
8220
3810
4268
5490
9498
2869
6253
7472
6840
9390
8001
310
9616
5714
5064
570
1673
3902
2056
487
1340
8300
6982
5501
1633
7941
2304
4342
9074
355
2925
9185
8833
9506
316
9724
6597
5234
7593
8882
4160
2059
542
2799
8796
4158
518
8652
8323
5876
1052
4636
2078
7270
2099
3570
8309
535
6735
9804
7925
4114
2848
9120
9184
4907
4527
609
8671
2373
4336
9470
4754
240
5271
7127
4247
3500
8456
5965
9289
2910
2406
6805
4432
7486
8333
393
9766
1259
2268
7948
8602
7644
9209
8039
5038
2195
6904
5316
5962
3056
599
5078
3027
4688
1728
5379
2278
5439
8722
1008
5294
4689
6793
8839
7126
4281
2889
4039
3785
1412
2298
1736
2020
8261
4733
538
1932
6718
733
1209
5084
7863
5441
7087
2247
8174
926
4982
2540
8300
9705
3800
9192
544
8745
6949
2629
8426
4827
5520
2927
262
6591
1223
4631
4498
8288
1517
5921
3614
7729
3413
2392
1424
6099
2957
1346
6224
611
4789
8142
7239
3536
8970
5673
7519
9226
1636
5503
6902
1942
5912
751
8501
8110
6970
4072
8007
9509
4483
9599
8377
2552
8699
2899
5341
5600
3684
6807
8938
2901
2051
9582
2547
6540
4795
6246
8002
2256
2951
7467
7153
5647
9539
6715
4901
1243
4344
2250
3656
1601
1314
9596
9521
6054
6832
7743
9170
3197
6344
9836
8686
310
1428
9746
4101
5248
6493
3874
9309
7407
5074
1658
2062
8633
4101
5529
3147
7706
4386
4177
200
3191
1773
5706
4380
8015
3767
1666
5860
8366
9900
4147
3489
6987
8541
4605
2960
4961
7237
3827
4596
7291
7306
3490
306
4313
9441
9787
921
9247
4622
1409
6444
6476
8823
3374
5933
2952
6772
1744
3351
6550
3398
8913
6264
8345
2721
3220
6537
3875
6119
3243
6796
3624
2354
6246
2017
3506
6909
4213
1061
8030
7391
8527
4455
1715
8294
9579
3832
6483
8700
5307
9695
1305
8232
9753
2454
7650
2548
6970
7140
6233
3959
1503
104
5579
5758
1370
6047
4665
5595
493
7538
7467
8106
3406
8959
8145
3516
7478
2817
6533
5122
7241
5279
8188
2936
8401
8943
204
2475
5379
4085
8088
9592
7427
2732
4006
2483
7282
1727
5121
4577
2885
7284
4378
7394
4050
4853
3817
5134
3636
605
8738
619
1053
5868
5043
7448
8651
7831
4345
5754
355
8367
451
6704
5514
860
7822
9236
9107
3173
7631
6625
7954
6847
7007
5868
9215
912
6448
3184
1302
2479
3038
7802
1084
9097
5793
1661
988
9602
3823
3043
1487
7255
462
1266
9017
4668
983
4902
6928
1607
6054
6976
3320
3815
2606
6427
3018
2418
4138
3398
1571
8874
829
7507
2136
844
1579
2636
4312
213
4161
5565
8810
1312
2654
6689
2868
288
6085
4812
2381
8455
1867
6274
523
2385
3579
7427
2262
8224
5209
8612
8942
2372
5188
5243
8487
5047
9988
6903
7410
5810
4978
3801
6760
2415
8231
4179
8159
2765
9373
1371
1759
2009
1570
3163
8670
3567
2250
7849
5047
3101
9812
5214
9226
7808
4229
6918
3021
8942
9745
9683
1055
1375
6312
7229
1821
5016
5388
9850
1758
3173
8033
1222
1225
8387
7758
1055
5030
8599
9728
4272
4930
1806
6989
8344
8220
7075
6853
1078
3852
7158
7141
6484
7140
6047
3590
9596
4190
4751
4002
4347
3012
4990
7830
6065
8543
3335
1907
9954
4519
764
6911
3501
2586
2087
8920
3078
952
4463
9609
1937
266
1091
2517
669
8434
9670
7552
5099
8542
9479
3116
170
6535
3547
3969
7185
3142
2937
6230
3400
9781
6642
3372
3347
451
2924
8875
7067
9809
1161
7827
923
4250
3752
4836
1524
6336
8728
937
2941
577
4837
8335
5963
3833
6752
5940
1993
112
575
4667
1412
9220
1310
5547
8118
3793
1840
8087
5517
4189
2998
6121
9015
528
2475
7127
8412
993
8089
2951
1031
1036
4108
1071
6754
6430
3362
1957
3214
659
6427
9173
5724
3863
5666
2801
7803
1241
7448
7298
1262
2670
1113
6669
2889
5713
2493
6497
8136
6712
1198
9549
6988
2530
8017
7694
211
7964
627
2902
9267
7427
1473
7977
7490
2179
6772
8336
6421
4446
935
4512
4483
9417
1158
3349
8454
9600
2165
8663
4621
4346
1482
5023
4768
7623
9784
4195
4386
9525
7737
2093
5404
1682
1207
7242
1756
9132
9494
6094
5017
6260
3858
2820
3873
6754
4609
5411
4417
3953
3525
9629
160
7067
5985
481
4952
7023
100
9792
8642
2094
518
6444
638
2678
4782
1052
1692
7782
9278
9789
8410
1696
2045
1747
3786
1964
4959
6061
2302
2233
8130
5654
3443
1358
6439
5383
2408
1599
5482
3353
9721
5995
9104
745
12
9810
365
7637
7831
6884
7983
642
3756
5637
2155
1360
8259
268
3314
2469
4738
6123
3647
6726
8219
5865
6208
1381
9506
2874
318
9715
3817
6368
6858
3334
7947
5067
7542
6486
4241
1979
4622
5490
7460
7799
7185
8144
2896
2022
4288
4337
4784
4763
9505
2786
9676
4638
8448
1103
2124
7220
4867
6914
968
9440
8745
3001
7182
163
1470
9142
4286
7072
925
1695
3077
4442
5443
8102
5508
2446
7643
6468
5293
1597
2220
2638
2394
3650
9067
1001
5786
3122
2494
8857
5448
7521
3535
9173
2185
8432
9625
8039
7922
7908
6274
687
2852
1107
4820
9863
2613
1928
2121
5553
4716
1350
4371
3725
7785
1704
5494
3735
2702
2135
7443
3373
6718
1013
8289
2381
5585
582
6506
9021
7633
3150
3935
53
372
6437
6073
8662
7510
7095
4077
8142
3074
9081
4331
1891
3101
9206
5780
3677
7199
8327
773
5697
7326
1168
9380
1671
8121
7911
134
8397
367
6192
2074
2500
505
7156
7750
1144
3402
5168
4652
4574
6946
8426
1144
2950
2761
1198
3385
1951
4734
7894
1561
3817
6636
4328
1195
518
7030
2921
9200
2586
9183
415
2422
2434
328
7781
942
1169
7031
4487
8104
4228
4752
157
4061
2343
6531
5685
1481
129
2961
3481
723
75
2588
1359
4218
8622
9835
2095
1069
5145
8071
7791
3719
5746
7461
6891
3926
4548
2879
4672
3271
6614
113
4519
2639
5804
141
5279
9288
6039
6380
563
6454
6376
6578
5066
9717
9635
1980
1486
5969
7326
4585
5380
114
2759
7506
3546
4866
1141
2487
6735
7947
7543
3608
6459
3122
8921
9117
1295
9690
2006
4786
5832
6887
3095
4354
2797
5824
8408
7166
696
5552
1292
8618
9778
5273
4263
2549
7686
2517
2233
4212
6343
8282
4667
8154
7469
6585
7697
4101
7659
772
3312
2743
3052
7066
1449
8399
3244
5504
4051
580
739
6829
2535
8735
8636
386
6229
7938
9604
7700
804
7272
1501
3799
9046
1833
2210
6761
4505
5738
6309
6745
1802
832
4564
1250
1461
9039
9515
4152
7095
9427
5698
7773
8468
2058
3655
7184
4917
5404
8935
8306
6137
9896
9989
951
6076
8940
3373
6102
9493
8352
8770
2925
2536
8048
259
612
2445
7844
8157
2859
2600
9054
8266
4515
5271
784
6999
8374
1482
3655
19
3189
2140
9864
1907
4316
3393
9285
7810
1523
2792
5067
9222
1732
2751
2331
3150
9779
6373
4356
2567
3759
5354
26
4494
3988
8339
1301
8367
4859
3450
9896
7596
4175
131
8331
1162
7148
7193
1256
2789
3797
6774
4303
7380
2866
8465
8598
519
533
7426
6993
9773
6695
193
8906
3362
7220
9917
8173
901
480
2856
4226
5351
9668
735
5927
4767
1321
4584
2201
5147
7568
996
6896
9234
1803
6100
7605
7204
2716
5223
4448
3234
7976
3601
1058
154
2534
5864
9787
1387
1674
4904
377
8311
6377
262
1311
2022
8521
834
8909
695
7719
709
1890
4882
2340
2682
7722
5272
1228
1673
2213
2796
324
2062
2439
6411
9536
3257
2517
3766
1950
3422
4866
3633
8978
1596
6598
6915
7183
5227
4600
174
3663
9950
2008
9640
1231
2825
2268
8664
1178
7724
4180
7949
7745
876
1644
6392
7459
8883
8302
1658
319
3054
1537
6183
8851
7796
7826
1354
1615
8295
1293
3570
6331
7251
6856
4138
6754
3475
5964
2343
1946
2915
4785
3530
3345
1616
9189
8357
662
3163
1817
3114
1856
7308
2632
5087
4399
7523
5109
4318
1341
5770
3408
8281
385
3223
4036
9435
2192
7198
2368
5465
8336
4834
8928
5207
3962
3564
2455
8710
363
1316
5403
8044
5863
5356
926
7900
7611
7629
5140
4548
9918
5800
3910
2934
3587
4415
7057
3838
2301
7692
7851
130
6175
3950
7028
6583
9503
4741
4213
960
2582
7251
2761
2578
2504
7266
4468
339
8682
2164
1491
9280
5860
8294
5330
5053
1525
8094
2100
1224
7405
8563
3714
7543
6892
8603
1507
1375
8148
5151
3172
3894
4093
2811
9589
3152
9749
9746
2528
806
2289
9503
3606
8150
8453
2934
2520
9795
3020
6008
623
4572
4117
7845
2152
9067
9114
2412
160
5444
9102
6782
2695
6333
7394
7985
2868
7660
692
9632
4277
9659
9220
3040
2785
5977
7428
5805
9213
3467
9116
5555
9895
5600
7335
3080
7650
6450
5726
1974
6494
4839
9311
1367
7891
1223
1818
121
7082
9017
8327
5873
1112
9494
8711
2843
1320
1663
6709
8207
84
1769
2761
736
6784
8662
5225
8495
1283
9520
4300
6972
4130
7359
1389
2188
8171
4426
7304
2214
8267
6746
7188
3847
7388
1241
8845
9941
5919
9482
1084
9617
4738
5522
4774
4997
1102
6291
6414
29
4095
2362
3800
451
5457
1870
9147
818
8051
5545
5249
332
9467
2740
9614
71
1142
346
6843
4258
8874
2974
9646
6485
5434
8409
5096
6806
7748
763
1930
9768
4331
3187
1141
7166
5421
1146
9741
2494
4496
7097
6488
8096
8605
8683
3465
7349
3097
1324
9172
3429
684
289
3101
1409
256
1266
1138
1447
9352
2706
3009
5379
1850
7279
9431
6434
6619
4357
8967
8306
4261
3965
9187
8662
4119
8594
2713
310
2137
1716
605
8786
9611
229
4207
5559
1097
5681
4249
7450
3117
2219
5528
34
8289
931
2420
482
2351
8483
4925
6852
2247
9305
5620
2817
4764
8446
2051
5980
5419
645
4986
5999
8089
1647
4775
7836
3304
491
1393
182
1814
1500
7473
9913
9811
2914
6974
1763
5564
8442
4835
934
921
7089
1567
3510
4607
1844
5449
7452
3058
3123
1294
8285
3371
835
3097
8101
4738
1235
9533
9117
8985
9031
2226
6780
9252
6128
6362
4009
2936
1660
1166
8190
3327
4873
2842
4040
181
9125
497
5291
5699
1794
2238
2402
2326
7669
8889
8069
2026
7101
1587
2275
8280
1760
5694
3678
1801
4897
4267
9415
4022
3134
3617
3246
2702
4838
3479
5131
243
3480
7502
5675
305
9830
8270
1794
4924
5161
5819
8175
5157
7054
5892
3405
9720
4253
5737
9221
8181
9738
3254
3345
8249
4932
3120
5564
4729
9643
7418
7685
9451
7648
8148
8178
592
9380
481
4400
130
1538
1684
3865
9398
872
9271
9151
5629
3936
3559
3236
3261
2366
8431
9628
5095
770
6287
4218
53
3981
6440
5223
1010
1408
7975
146
1221
3055
5148
8449
4124
8309
6983
3253
4609
1137
5230
2492
651
4271
4556
1007
1220
9937
9337
2428
4930
3147
1874
7550
4021
3519
645
9320
5116
3181
9228
8961
7444
8268
4579
6552
7277
38
2087
697
1883
8237
7645
5352
6038
9547
7741
5226
8846
5880
1497
8836
7520
1093
2157
7867
6557
4949
1541
8362
5293
3355
4005
81
5807
2717
1369
8730
1579
6456
6458
8904
6631
3742
4186
5592
1666
8427
7196
2889
6336
902
7955
6968
9427
4930
3749
5604
3986
4499
4971
1057
7145
8205
9544
1896
3148
4616
6259
91
585
8993
4563
5189
4537
9386
8727
6816
2323
6402
223
7201
8110
1535
8842
9502
1776
9895
4957
9359
7207
2957
7596
6114
2979
2585
3800
2840
2863
4881
7509
1086
4282
9635
4919
1686
4774
885
4585
4451
1724
1587
1289
4420
6410
6967
5267
695
8683
5831
9064
2799
