9213
1825
4664
6189
4098
6974
3324
1045
3429
7744
4179
8341
7199
185
6317
4881
8184
434
9574
7650
6498
604
9876
171
8130
1537
2937
4855
2543
2070
4968
8353
4739
9536
6405
8640
158
4943
453
5420
7146
9259
6629
2689
6682
1834
5990
5807
6939
8444
3701
4267
9276
787
8329
8198
6266
8274
8854
7096
5860
6832
7422
8505
3918
7625
8887
7596
7920
1698
200
8712
4046
727
9037
5524
131
9810
9401
9486
902
5322
3147
1256
4399
822
9386
4703
7827
6540
5018
5849
2298
3435
6608
2059
7938
4417
6850
9861
9021
3770
7047
5595
1205
3302
6270
2144
4335
3061
6603
8929
1085
8033
5100
4235
2206
5896
234
4202
4624
2725
2522
5167
5190
6490
5619
4716
2276
8812
138
8544
4519
5419
8760
410
2354
5533
7518
5979
1858
8198
4799
1997
4787
7605
6459
1978
5516
9582
749
7162
6630
9903
1818
9964
5130
2930
1225
6256
5031
1854
7330
1679
595
5610
5919
4024
409
7151
6063
5912
7089
681
1929
197
4861
7578
4030
5095
2287
3483
3959
3204
392
1488
6910
1174
7259
2742
5432
3306
7040
8139
2671
2728
3749
7738
8766
3354
4527
1490
9702
8428
4670
5091
3406
9182
6126
3636
6471
3176
5162
6211
8509
3275
9243
5226
7449
6752
2526
9834
3539
5663
9235
1207
6485
686
977
5824
9803
3476
5272
4009
1863
1929
2830
1975
5201
1820
4539
8519
4043
7728
7728
7723
1298
3444
7122
5170
7040
9294
5829
2963
3375
1635
5427
4182
2536
9493
2156
3583
5705
4970
5255
4855
9717
7765
8022
4729
9142
8371
7287
134
1741
8979
5783
6630
8602
2259
5954
4124
6615
8564
7205
1252
7390
3977
8693
2635
8748
1393
1992
6187
8381
8447
7888
7538
7462
9650
9176
5630
97
1126
919
5639
8595
9430
5426
4761
1834
3371
3118
5692
4018
4278
2723
9906
2279
4982
7772
4460
3236
3367
1482
8553
2778
791
5256
4460
5772
8038
4090
3785
7943
7914
5935
4253
5759
7739
5093
1863
6245
2545
587
582
4196
4745
7345
384
8747
4862
1532
3851
4517
3866
9751
1036
180
5752
5859
3851
5484
3828
9070
479
2491
7362
3057
4283
9830
1000
4548
2148
2639
6409
1324
622
9123
1167
341
6306
2463
1988
8986
414
4195
733
929
2345
7311
4356
7012
4625
3802
7024
4362
899
3073
7619
5028
7942
4956
3824
4163
9221
8252
5591
310
7031
3857
3214
6305
1117
7864
1021
9130
9671
6786
8614
477
5395
927
4400
9824
7107
7433
2847
1888
554
270
1297
4666
3074
4757
8519
4678
13
4289
2174
9053
8295
9635
4025
2251
7700
4889
8301
6335
9643
6357
9304
7488
5918
921
575
2346
8981
3790
83
662
6310
4996
223
9271
4436
8452
1137
8321
2641
8161
5314
5540
400
1212
4596
5030
4476
2359
6071
1102
4238
6785
7000
8188
239
9040
838
8263
9803
877
2434
9919
5646
553
3842
7776
2958
446
4146
6632
5028
6848
1177
9695
7624
3938
8419
4693
7912
4149
2080
