5450
306
1358
4118
9220
4121
7170
298
2390
1991
6352
5701
5727
1678
4280
3038
972
4298
4008
5472
5455
2306
411
2298
3643
3836
7951
8916
7532
4669
1973
5608
7139
5213
337
4548
127
5971
7825
5547
7175
3186
938
1650
3716
4063
1581
9486
9820
6158
1833
4359
2921
1896
2986
9033
9816
2235
5168
7464
9980
1518
2986
8221
3523
8032
257
6961
4113
7308
6081
8020
696
7418
4706
9115
6281
8053
6149
2660
3828
788
5082
1271
3548
4824
2958
4619
3270
7313
5537
3665
7151
2861
7173
1265
7837
3582
9107
2576
8334
3687
7464
9979
3853
9315
4669
3746
4371
9794
7972
9747
7257
3776
9998
7794
7772
2515
1849
4963
5450
3282
3703
3252
296
2509
4106
9817
1862
941
9787
2741
7386
6200
2298
849
4889
7328
847
5965
2004
3354
8047
5505
2207
4006
3114
4206
5101
5888
8785
8629
1959
5921
3014
6003
3803
3266
6971
7049
6833
9391
1468
8004
4201
8388
2745
1341
528
535
1659
9471
6450
7137
9432
1679
7241
9402
1554
3725
4291
8224
7193
6871
146
7940
3121
2740
6908
3361
206
980
2403
1241
3356
241
7663
3438
7339
3969
1815
1594
4599
6571
6111
7740
8549
6484
5916
3280
298
7093
5746
8313
9910
6267
9342
3981
6349
7082
7679
3117
3558
991
5727
752
6445
5073
7008
4059
3875
4146
5154
5551
5765
4600
7825
7534
6650
9202
2571
3003
8357
3753
3374
3518
1675
1206
8416
6033
4910
7578
6505
6139
9128
4285
