1
3
4
4
11
11
15
15
15
16
20
21
21
25
26
29
30
32
33
34
37
38
38
38
40
41
41
41
42
42
43
46
46
46
48
49
51
52
54
55
56
57
58
58
58
60
61
61
61
62
62
65
65
67
67
68
69
70
71
73
74
75
76
76
76
78
80
81
82
83
83
84
84
84
86
87
87
87
88
93
95
96
99
103
103
104
105
105
106
106
107
108
108
109
110
110
111
112
112
112
115
117
119
122
123
125
125
125
126
126
127
128
129
132
132
137
137
139
143
144
146
148
152
153
154
154
155
156
157
157
158
158
159
161
163
167
168
169
169
170
172
177
177
178
182
183
183
184
184
184
185
186
187
188
189
192
193
195
196
197
197
198
199
202
202
203
204
204
205
206
208
208
208
211
213
214
214
214
215
215
216
217
218
220
221
221
225
235
235
237
237
239
240
241
241
242
242
243
243
244
244
245
247
248
249
249
256
256
258
259
259
259
260
262
262
263
263
265
265
265
267
268
268
270
272
273
275
281
282
283
284
284
289
289
291
291
292
292
294
294
294
295
295
299
301
301
301
302
303
306
308
312
312
313
315
316
316
318
322
323
323
326
327
328
330
330
332
332
333
333
334
335
336
337
338
338
339
340
341
342
346
347
348
349
350
351
351
352
354
359
360
362
363
366
366
366
368
372
372
375
377
377
378
378
379
380
380
380
381
382
382
385
386
388
389
389
393
394
394
396
399
399
400
401
401
401
404
405
410
410
411
412
412
413
416
418
420
421
424
426
428
428
432
433
438
439
439
441
441
443
444
447
449
449
450
451
452
453
453
454
455
455
457
458
460
460
461
463
463
464
464
466
468
468
471
473
474
475
475
476
476
477
478
480
480
481
481
482
483
483
483
485
486
487
488
489
490
492
493
494
495
495
496
502
503
503
503
505
507
509
510
511
513
514
517
517
517
518
518
518
520
520
521
523
523
525
526
526
527
527
529
532
532
532
534
535
535
536
538
542
542
543
543
543
548
550
550
551
551
552
554
554
559
560
561
564
564
565
566
567
569
570
571
571
571
573
574
576
576
580
580
580
584
586
588
588
589
591
592
592
592
594
594
597
599
601
602
603
603
603
604
604
605
606
606
607
610
612
614
615
615
619
619
621
622
629
630
630
631
631
631
631
633
634
634
635
635
636
637
637
637
639
641
642
643
644
645
651
654
661
661
662
663
663
663
666
669
669
670
670
671
671
674
674
680
681
683
684
684
684
685
685
685
686
687
690
690
691
691
692
692
692
693
694
694
695
696
696
697
698
698
702
703
703
704
704
706
709
711
716
717
718
719
719
720
721
721
722
722
723
724
724
725
725
725
726
726
727
728
728
729
732
732
733
733
734
734
735
735
735
736
738
739
739
741
743
744
744
745
747
747
749
750
750
751
751
752
752
753
754
757
760
761
761
763
768
770
771
774
774
775
776
776
778
778
780
780
780
785
785
789
789
790
790
790
792
792
792
794
796
800
801
801
803
806
811
811
811
812
814
815
815
815
817
818
818
820
821
822
823
824
824
825
828
829
830
832
836
836
837
839
839
841
845
846
848
849
849
849
849
850
851
853
853
853
854
855
855
857
857
859
859
860
861
861
864
864
868
868
870
870
871
871
872
873
874
874
875
876
876
878
885
887
888
889
892
893
893
894
894
895
896
896
899
900
900
902
905
906
907
907
910
910
910
919
919
921
921
922
922
925
928
929
932
932
934
934
935
937
938
939
939
941
941
942
943
943
946
947
947
947
949
950
951
951
953
955
955
956
959
960
960
962
962
963
967
969
970
970
971
972
972
974
975
976
976
977
978
979
982
983
983
984
986
986
989
991
992
992
992
992
992
993
994
994
998
999
999
1001
1001
1002
1004
1006
1006
1011
1012
1012
1012
1012
1013
1014
1014
1017
1017
1019
1021
1021
1022
1024
1026
1026
1027
1028
1029
1029
1031
1033
1034
1035
1036
1036
1037
1037
1039
1042
1042
1043
1045
1046
1047
1048
1051
1051
1055
1056
1057
1057
1058
1060
1060
1061
1067
1067
1067
1067
1068
1069
1070
1070
1071
1083
1084
1085
1086
1087
1087
1088
1089
1089
1093
1094
1094
1095
1095
1096
1097
1098
1100
1101
1101
1102
1102
1103
1103
1104
1105
1105
1108
1111
1111
1111
1114
1115
1116
1117
1119
1121
1124
1124
1127
1127
1128
1130
1131
1132
1132
1135
1136
1137
1137
1138
1141
1142
1142
1142
1142
1143
1145
1146
1150
1151
1152
1154
1157
1157
1160
1160
1160
1161
1161
1162
1163
1163
1163
1164
1167
1167
1167
1169
1170
1172
1173
1174
1178
1179
1179
1181
1182
1183
1183
1183
1184
1184
1184
1186
1188
1189
1189
1190
1192
1192
1195
1195
1197
1197
1198
1202
1202
1202
1203
1205
1206
1207
1207
1210
1210
1213
1213
1215
1215
1215
1216
1217
1218
1219
1220
1220
1221
1225
1227
1227
1229
1230
1230
1231
1231
1231
1234
1234
1235
1235
1236
1236
1237
1237
1238
1240
1241
1241
1242
1243
1243
1243
1244
1245
1246
1248
1249
1249
1249
1250
1251
1251
1251
1252
1254
1255
1256
1256
1256
1258
1262
1263
1264
1265
1266
1267
1268
1268
1273
1273
1273
1275
1276
1276
1276
1276
1278
1278
1278
1279
1279
1279
1281
1282
1282
1285
1286
1289
1290
1291
1292
1295
1299
1302
1303
1304
1305
1305
1306
1307
1308
1312
1312
1317
1317
1317
1319
1320
1320
1321
1322
1325
1326
1326
1326
1327
1330
1331
1331
1333
1334
1335
1340
1347
1348
1348
1350
1351
1352
1352
1353
1354
1354
1354
1356
1358
1360
1362
1363
1366
1369
1369
1369
1369
1370
1370
1373
1374
1375
1378
1379
1379
1381
1382
1382
1382
1384
1385
1386
1386
1387
1387
1387
1388
1389
1390
1390
1392
1394
1394
1394
1395
1396
1397
1397
1398
1399
1400
1400
1403
1406
1409
1414
1414
1416
1417
1418
1421
1422
1422
1423
1426
1426
1428
1429
1429
1429
1429
1429
1430
1432
1434
1434
1434
1436
1437
1437
1438
1439
1439
1440
1440
1441
1442
1442
1443
1444
1446
1449
1449
1450
1451
1456
1456
1457
1458
1460
1460
1462
1463
1463
1463
1465
1465
1466
1467
1468
1468
1468
1469
1474
1474
1477
1477
1478
1480
1480
1480
1482
1482
1484
1485
1485
1486
1486
1487
1492
1495
1496
1497
1498
1498
1500
1501
1501
1502
1502
1503
1504
1504
1506
1506
1506
1507
1509
1510
1511
1512
1514
1514
1516
1516
1520
1521
1522
1524
1524
1525
1527
1527
1531
1531
1532
1534
1536
1539
1542
1542
1542
1543
1543
1545
1546
1546
1547
1548
1548
1551
1554
1555
1556
1556
1556
1556
1556
1557
1560
1560
1563
1563
1564
1564
1565
1567
1567
1570
1571
1572
1573
1573
1574
1574
1576
1576
1577
1578
1579
1579
1581
1581
1583
1584
1584
1586
1587
1589
1589
1590
1591
1592
1592
1593
1594
1594
1595
1595
1596
1599
1599
1599
1601
1601
1602
1603
1604
1607
1607
1610
1617
1617
1619
1620
1622
1624
1625
1626
1626
1629
1630
1631
1632
1632
1633
1634
1634
1635
1640
1643
1643
1644
1644
1645
1646
1648
1649
1653
1656
1656
1660
1661
1661
1662
1670
1671
1672
1672
1674
1675
1675
1676
1678
1680
1681
1686
1690
1693
1695
1698
1698
1698
1700
1702
1702
1704
1705
1707
1707
1711
1712
1715
1716
1716
1719
1720
1721
1725
1726
1727
1727
1728
1729
1730
1732
1732
1732
1733
1735
1737
1737
1739
1740
1741
1742
1742
1742
1743
1745
1745
1748
1749
1749
1750
1751
1754
1754
1755
1756
1756
1756
1757
1758
1759
1760
1761
1761
1762
1762
1762
1765
1765
1766
1768
1769
1769
1770
1771
1772
1774
1775
1776
1776
1779
1780
1782
1783
1786
1786
1786
1789
1789
1789
1791
1791
1793
1794
1798
1798
1800
1802
1804
1806
1806
1809
1810
1810
1815
1816
1816
1819
1819
1821
1822
1822
1823
1823
1823
1825
1826
1826
1827
1833
1835
1838
1839
1840
1842
1842
1846
1847
1847
1849
1855
1855
1855
1855
1858
1859
1860
1861
1865
1866
1867
1868
1869
1869
1871
1871
1872
1872
1872
1872
1873
1873
1874
1876
1876
1878
1878
1879
1881
1881
1885
1887
1891
1896
1896
1897
1898
1901
1902
1903
1904
1904
1908
1908
1908
1909
1909
1912
1913
1916
1920
1921
1922
1922
1923
1927
1927
1929
1932
1932
1933
1933
1935
1936
1937
1939
1939
1942
1947
1947
1948
1949
1950
1951
1952
1952
1952
1954
1954
1955
1956
1956
1956
1957
1961
1964
1966
1966
1972
1972
1973
1974
1977
1977
1977
1977
1978
1978
1980
1980
1980
1983
1983
1983
1984
1987
1988
1990
1991
1991
1993
1995
1997
1999
1999
2001
2002
2004
2009
2011
2012
2012
2015
2016
2017
2018
2018
2019
2019
2020
2020
2023
2024
2024
2025
2030
2031
2032
2033
2034
2036
2037
2042
2042
2044
2044
2044
2044
2047
2047
2048
2048
2049
2050
2051
2053
2055
2057
2058
2059
2060
2060
2061
2061
2062
2064
2066
2068
2068
2071
2072
2072
2072
2073
2075
2075
2076
2076
2077
2080
2080
2082
2087
2091
2092
2092
2093
2095
2095
2097
2100
2101
2103
2105
2105
2107
2110
2110
2111
2111
2112
2113
2113
2115
2119
2119
2121
2122
2122
2124
2125
2127
2129
2130
2131
2132
2132
2134
2136
2138
2138
2142
2142
2143
2144
2145
2150
2150
2151
2156
2156
2156
2157
2158
2159
2160
2161
2161
2161
2162
2162
2163
2164
2164
2164
2165
2168
2169
2170
2170
2171
2172
2174
2176
2177
2177
2178
2179
2179
2179
2179
2180
2181
2181
2182
2182
2183
2186
2186
2187
2188
2189
2189
2193
2195
2195
2195
2196
2196
2196
2198
2199
2199
2201
2201
2205
2207
2209
2210
2210
2211
2212
2212
2216
2217
2222
2222
2226
2230
2230
2233
2234
2236
2237
2237
2238
2238
2238
2239
2239
2239
2239
2240
2241
2246
2249
2250
2251
2252
2253
2254
2254
2254
2255
2255
2256
2256
2257
2257
2257
2258
2258
2258
2259
2259
2261
2262
2263
2265
2267
2268
2268
2269
2269
2270
2270
2273
2274
2275
2275
2275
2275
2276
2278
2281
2282
2286
2287
2290
2292
2293
2293
2293
2294
2295
2296
2296
2296
2297
2297
2298
2300
2302
2303
2306
2306
2307
2308
2309
2310
2311
2313
2314
2318
2319
2319
2319
2322
2322
2324
2324
2325
2326
2327
2333
2333
2333
2338
2338
2339
2342
2343
2343
2343
2343
2345
2349
2350
2352
2353
2353
2355
2356
2356
2357
2359
2360
2360
2361
2361
2361
2362
2363
2365
2366
2369
2370
2376
2377
2378
2378
2379
2380
2380
2385
2386
2387
2387
2389
2389
2390
2391
2392
2392
2393
2394
2395
2396
2397
2401
2402
2403
2404
2405
2405
2407
2407
2407
2407
2408
2408
2408
2408
2410
2412
2418
2418
2418
2418
2418
2420
2420
2421
2422
2422
2423
2424
2424
2425
2426
2426
2428
2433
2435
2436
2437
2439
2440
2441
2441
2442
2444
2444
2445
2446
2448
2448
2448
2450
2453
2454
2454
2455
2455
2456
2457
2459
2461
2463
2465
2466
2466
2467
2469
2470
2471
2473
2475
2477
2478
2478
2479
2479
2479
2480
2483
2486
2487
2487
2489
2490
2495
2497
2499
2500
2500
2500
2500
2502
2502
2503
2506
2508
2510
2511
2514
2515
2515
2516
2516
2516
2520
2521
2523
2527
2529
2529
2531
2534
2535
2536
2536
2538
2541
2544
2545
2548
2551
2552
2552
2552
2553
2554
2556
2558
2561
2562
2562
2564
2564
2564
2564
2564
2567
2569
2572
2575
2579
2581
2582
2582
2584
2586
2586
2588
2588
2588
2589
2589
2590
2593
2597
2599
2602
2604
2604
2606
2607
2607
2608
2609
2611
2613
2614
2614
2614
2615
2616
2616
2617
2618
2618
2619
2619
2619
2619
2620
2622
2623
2624
2625
2625
2627
2629
2629
2629
2630
2636
2637
2637
2639
2641
2642
2642
2644
2647
2648
2649
2655
2656
2657
2657
2660
2663
2665
2665
2666
2667
2670
2671
2671
2673
2673
2675
2678
2683
2685
2686
2687
2687
2688
2689
2689
2691
2692
2692
2694
2695
2696
2696
2697
2698
2698
2698
2702
2704
2705
2707
2708
2711
2712
2717
2717
2718
2720
2721
2723
2726
2726
2727
2727
2729
2730
2732
2733
2733
2734
2734
2734
2736
2737
2738
2740
2742
2743
2744
2744
2745
2745
2747
2747
2748
2749
2749
2749
2750
2750
2751
2751
2751
2751
2755
2757
2758
2759
2759
2760
2761
2761
2761
2762
2764
2764
2765
2768
2768
2770
2771
2772
2773
2776
2777
2780
2782
2783
2784
2785
2786
2787
2787
2788
2789
2790
2794
2797
2798
2800
2802
2805
2805
2806
2807
2807
2813
2814
2814
2816
2816
2816
2818
2820
2821
2822
2823
2823
2824
2825
2825
2826
2827
2828
2829
2831
2831
2834
2835
2836
2836
2839
2839
2839
2839
2841
2842
2842
2842
2842
2843
2843
2844
2845
2846
2848
2849
2849
2854
2854
2855
2856
2859
2864
2866
2866
2868
2868
2868
2868
2870
2871
2872
2873
2873
2874
2874
2875
2876
2876
2877
2877
2880
2880
2881
2882
2883
2883
2886
2889
2889
2890
2892
2892
2894
2894
2894
2898
2900
2901
2901
2905
2907
2907
2909
2910
2914
2914
2915
2917
2918
2919
2919
2920
2921
2921
2922
2925
2927
2927
2928
2931
2931
2931
2931
2932
2933
2933
2934
2934
2935
2937
2937
2940
2941
2942
2943
2944
2946
2950
2951
2953
2955
2958
2958
2959
2959
2960
2961
2961
2961
2961
2962
2962
2962
2963
2963
2964
2964
2966
2968
2971
2971
2971
2973
2973
2974
2977
2977
2979
2980
2980
2985
2986
2986
2987
2989
2992
2992
2994
2996
2997
2997
2997
3000
3001
3002
3002
3003
3005
3007
3007
3007
3008
3008
3009
3009
3010
3010
3012
3015
3015
3015
3018
3021
3024
3024
3025
3025
3026
3027
3027
3027
3028
3031
3034
3035
3036
3037
3038
3038
3039
3039
3039
3042
3045
3048
3048
3048
3049
3050
3051
3053
3054
3056
3056
3057
3057
3058
3059
3062
3067
3069
3070
3070
3071
3072
3073
3074
3075
3076
3077
3078
3079
3079
3080
3080
3080
3082
3082
3085
3087
3090
3091
3095
3096
3096
3098
3098
3098
3099
3099
3100
3101
3102
3105
3107
3108
3111
3112
3113
3115
3116
3117
3117
3117
3119
3121
3124
3127
3127
3128
3130
3130
3131
3132
3132
3134
3135
3137
3139
3139
3140
3142
3143
3145
3146
3147
3147
3148
3149
3149
3152
3153
3153
3154
3156
3157
3158
3159
3159
3159
3161
3162
3162
3164
3165
3166
3166
3167
3169
3169
3170
3171
3172
3173
3175
3175
3177
3178
3179
3181
3182
3182
3183
3185
3187
3188
3189
3189
3190
3190
3194
3195
3196
3196
3197
3197
3200
3200
3200
3201
3201
3201
3201
3202
3203
3204
3206
3207
3207
3208
3209
3210
3213
3214
3214
3214
3216
3220
3220
3221
3221
3223
3225
3226
3228
3228
3232
3232
3233
3234
3237
3238
3238
3238
3239
3239
3239
3239
3239
3240
3242
3242
3242
3243
3246
3246
3250
3252
3255
3262
3263
3263
3263
3264
3267
3267
3268
3268
3269
3269
3270
3271
3271
3272
3275
3276
3278
3278
3281
3282
3284
3287
3288
3289
3290
3291
3291
3292
3293
3295
3297
3297
3298
3300
3304
3307
3307
3307
3308
3308
3309
3311
3311
3312
3312
3312
3313
3314
3315
3320
3321
3323
3323
3325
3326
3326
3326
3327
3327
3330
3330
3330
3332
3334
3336
3336
3338
3338
3340
3342
3343
3345
3351
3351
3352
3355
3362
3369
3370
3371
3371
3372
3373
3374
3377
3377
3379
3379
3380
3381
3381
3382
3386
3386
3387
3388
3389
3395
3397
3397
3397
3397
3399
3399
3400
3400
3401
3402
3404
3405
3406
3407
3408
3409
3409
3410
3411
3413
3416
3416
3416
3417
3417
3422
3422
3422
3423
3423
3423
3424
3425
3426
3427
3427
3428
3430
3432
3432
3432
3433
3434
3434
3434
3436
3437
3438
3439
3440
3440
3441
3442
3444
3447
3447
3447
3448
3450
3450
3450
3451
3451
3451
3452
3453
3453
3454
3455
3456
3459
3459
3460
3461
3462
3463
3465
3466
3467
3467
3468
3468
3468
3470
3470
3471
3474
3474
3474
3477
3477
3478
3479
3480
3481
3484
3484
3485
3485
3487
3487
3488
3490
3490
3491
3491
3494
3495
3497
3499
3502
3503
3504
3505
3507
3508
3509
3509
3511
3515
3518
3522
3523
3524
3525
3527
3527
3527
3529
3531
3531
3533
3535
3535
3536
3541
3542
3544
3546
3547
3547
3547
3550
3550
3552
3553
3553
3555
3556
3557
3557
3559
3559
3560
3561
3561
3565
3565
3567
3568
3569
3573
3573
3574
3574
3574
3577
3579
3579
3581
3583
3584
3585
3590
3591
3593
3595
3595
3596
3599
3600
3600
3601
3602
3604
3605
3605
3606
3607
3610
3611
3611
3612
3612
3613
3615
3618
3619
3620
3622
3625
3625
3625
3626
3627
3632
3633
3634
3634
3635
3638
3641
3641
3642
3642
3643
3644
3648
3650
3651
3651
3652
3652
3654
3657
3657
3658
3658
3659
3659
3659
3660
3663
3663
3663
3666
3668
3668
3669
3670
3671
3671
3674
3676
3677
3677
3679
3679
3681
3682
3683
3683
3686
3686
3687
3687
3688
3689
3690
3692
3692
3693
3693
3695
3695
3696
3697
3698
3699
3699
3699
3700
3701
3704
3706
3707
3707
3709
3709
3709
3710
3711
3714
3714
3716
3720
3720
3722
3723
3724
3727
3730
3731
3731
3731
3732
3735
3736
3736
3736
3738
3739
3744
3744
3745
3745
3745
3749
3749
3752
3752
3753
3757
3758
3758
3758
3759
3760
3763
3764
3765
3766
3767
3768
3770
3772
3774
3775
3780
3780
3784
3789
3793
3794
3794
3795
3797
3797
3797
3798
3798
3798
3799
3801
3803
3803
3804
3805
3806
3807
3807
3808
3808
3812
3813
3816
3817
3819
3820
3821
3822
3824
3824
3824
3825
3826
3828
3829
3831
3834
3834
3835
3835
3835
3835
3838
3838
3838
3838
3844
3845
3845
3847
3847
3849
3850
3850
3851
3851
3852
3854
3854
3855
3856
3857
3857
3857
3859
3863
3865
3866
3867
3867
3868
3869
3871
3871
3874
3876
3878
3880
3881
3884
3885
3886
3886
3888
3893
3895
3897
3897
3898
3901
3901
3904
3904
3904
3905
3907
3907
3910
3910
3910
3910
3910
3910
3913
3914
3915
3917
3919
3919
3921
3921
3923
3925
3928
3928
3928
3929
3931
3932
3933
3933
3935
3935
3939
3939
3941
3943
3945
3948
3948
3952
3953
3955
3958
3958
3959
3964
3966
3967
3967
3969
3970
3970
3970
3973
3974
3976
3976
3977
3979
3983
3983
3984
3985
3988
3988
3989
3989
3991
3991
3992
3992
3992
3994
3995
3998
3999
4004
4004
4005
4007
4009
4011
4014
4015
4016
4016
4016
4018
4018
4018
4020
4021
4021
4021
4023
4026
4031
4034
4034
4038
4041
4041
4041
4042
4046
4050
4051
4054
4054
4054
4054
4056
4057
4058
4059
4059
4059
4064
4064
4066
4067
4067
4071
4072
4073
4073
4075
4078
4078
4079
4079
4083
4086
4086
4087
4087
4088
4088
4089
4089
4089
4090
4090
4090
4092
4093
4095
4098
4099
4100
4102
4104
4104
4104
4105
4108
4110
4112
4115
4115
4116
4116
4117
4118
4118
4119
4121
4122
4123
4124
4126
4127
4127
4128
4128
4128
4131
4133
4133
4135
4137
4138
4139
4139
4141
4143
4144
4144
4144
4144
4144
4149
4150
4150
4151
4151
4153
4155
4159
4160
4161
4162
4163
4164
4164
4164
4165
4169
4169
4170
4171
4171
4176
4176
4177
4178
4178
4178
4179
4180
4182
4183
4185
4185
4188
4188
4189
4191
4191
4192
4194
4199
4203
4205
4205
4206
4207
4208
4208
4208
4209
4211
4212
4212
4213
4213
4215
4218
4222
4222
4222
4224
4224
4224
4224
4225
4226
4227
4230
4233
4235
4235
4239
4240
4240
4244
4245
4247
4248
4249
4250
4250
4254
4256
4257
4257
4260
4260
4262
4264
4266
4266
4271
4281
4281
4282
4284
4288
4288
4289
4291
4293
4296
4297
4300
4300
4300
4301
4302
4302
4302
4303
4304
4305
4306
4307
4310
4310
4312
4312
4312
4318
4319
4320
4321
4324
4324
4325
4327
4331
4332
4333
4333
4340
4340
4340
4345
4345
4348
4349
4350
4350
4350
4350
4350
4351
4354
4361
4364
4366
4366
4366
4369
4369
4370
4370
4370
4371
4371
4373
4373
4373
4375
4377
4378
4380
4381
4383
4383
4386
4386
4387
4388
4389
4392
4394
4394
4395
4396
4399
4399
4401
4402
4402
4402
4402
4404
4405
4405
4408
4415
4417
4417
4418
4420
4423
4423
4423
4426
4426
4426
4426
4427
4428
4429
4430
4431
4432
4432
4433
4434
4437
4437
4438
4440
4440
4442
4442
4443
4444
4445
4445
4445
4447
4448
4450
4450
4452
4452
4453
4453
4453
4454
4455
4456
4458
4459
4459
4460
4460
4460
4461
4461
4462
4463
4463
4464
4466
4467
4468
4469
4473
4475
4475
4476
4478
4480
4485
4486
4493
4493
4494
4495
4495
4496
4496
4498
4499
4500
4503
4503
4504
4506
4507
4508
4508
4508
4510
4511
4512
4519
4519
4520
4522
4523
4528
4531
4535
4536
4536
4537
4538
4539
4540
4540
4540
4541
4543
4544
4546
4548
4550
4551
4551
4552
4552
4554
4556
4558
4559
4559
4563
4564
4565
4566
4566
4568
4569
4570
4572
4574
4576
4577
4578
4578
4579
4579
4580
4581
4581
4582
4583
4585
4585
4586
4587
4587
4588
4589
4589
4589
4590
4591
4591
4593
4597
4601
4602
4605
4607
4608
4608
4611
4612
4612
4613
4613
4614
4615
4617
4617
4617
4618
4620
4621
4621
4622
4624
4625
4625
4627
4627
4629
4631
4632
4635
4636
4638
4640
4641
4641
4642
4646
4646
4648
4650
4650
4652
4653
4654
4656
4657
4659
4659
4660
4661
4661
4662
4664
4664
4664
4665
4665
4666
4668
4670
4670
4672
4674
4676
4677
4678
4678
4678
4679
4680
4681
4682
4682
4682
4682
4686
4686
4688
4688
4688
4689
4694
4695
4696
4698
4699
4701
4702
4702
4706
4706
4706
4707
4708
4709
4710
4711
4712
4717
4719
4719
4719
4720
4720
4723
4723
4724
4725
4727
4727
4729
4729
4732
4734
4737
4737
4738
4738
4739
4739
4744
4744
4746
4747
4748
4749
4749
4750
4751
4753
4754
4754
4755
4756
4761
4762
4762
4762
4762
4762
4764
4764
4765
4767
4767
4768
4769
4770
4770
4771
4771
4771
4772
4773
4775
4776
4777
4777
4779
4783
4783
4784
4786
4788
4789
4790
4790
4794
4796
4798
4798
4800
4800
4801
4801
4801
4805
4807
4810
4811
4813
4813
4813
4815
4815
4816
4817
4819
4819
4819
4820
4823
4826
4826
4826
4826
4827
4827
4827
4828
4830
4830
4832
4832
4834
4836
4838
4838
4839
4839
4839
4841
4842
4842
4844
4844
4844
4845
4847
4848
4849
4850
4851
4855
4855
4855
4856
4856
4857
4857
4858
4858
4861
4862
4862
4863
4864
4867
4868
4869
4870
4870
4870
4870
4872
4873
4878
4879
4879
4880
4880
4880
4880
4883
4883
4884
4885
4885
4887
4890
4890
4891
4891
4891
4891
4892
4892
4893
4893
4894
4895
4896
4897
4898
4899
4901
4902
4903
4903
4905
4905
4911
4913
4917
4918
4924
4925
4925
4928
4929
4932
4932
4932
4933
4936
4936
4937
4937
4941
4943
4944
4944
4945
4948
4948
4949
4950
4950
4951
4957
4957
4959
4959
4960
4962
4963
4963
4963
4965
4966
4968
4968
4969
4969
4970
4970
4971
4971
4972
4973
4978
4983
4984
4986
4990
4990
4992
4993
4993
4995
4995
4996
4996
4999
4999
5001
5002
5003
5003
5003
5005
5005
5006
5007
5007
5007
5008
5008
5009
5012
5013
5014
5018
5020
5021
5021
5027
5027
5029
5029
5030
5030
5031
5031
5031
5031
5031
5034
5038
5038
5046
5047
5047
5049
5049
5050
5051
5051
5051
5052
5052
5053
5055
5058
5060
5062
5062
5065
5066
5067
5070
5072
5072
5074
5075
5075
5075
5079
5080
5083
5084
5086
5091
5092
5093
5094
5095
5095
5097
5097
5098
5098
5100
5100
5101
5102
5103
5108
5109
5110
5110
5112
5113
5113
5114
5115
5115
5117
5119
5119
5122
5122
5123
5125
5126
5126
5127
5128
5128
5129
5132
5132
5132
5132
5133
5136
5136
5136
5137
5138
5138
5138
5138
5139
5141
5141
5141
5144
5146
5146
5151
5151
5151
5153
5154
5157
5157
5157
5158
5158
5161
5164
5164
5164
5164
5165
5165
5166
5166
5167
5168
5168
5170
5170
5172
5173
5175
5178
5178
5180
5180
5181
5183
5184
5185
5185
5185
5186
5186
5188
5189
5191
5192
5192
5193
5194
5194
5197
5197
5198
5199
5201
5201
5203
5203
5206
5207
5208
5209
5213
5213
5214
5218
5219
5219
5219
5219
5221
5222
5226
5226
5227
5228
5229
5230
5231
5233
5233
5234
5236
5238
5238
5238
5238
5239
5239
5240
5241
5243
5243
5245
5247
5247
5247
5248
5250
5251
5253
5255
5256
5258
5260
5260
5261
5261
5263
5264
5264
5266
5266
5266
5269
5272
5274
5276
5279
5282
5282
5283
5286
5286
5288
5291
5292
5294
5295
5296
5298
5298
5299
5299
5299
5300
5301
5301
5302
5304
5306
5307
5308
5309
5310
5312
5313
5313
5313
5315
5316
5316
5319
5320
5321
5321
5324
5325
5325
5326
5326
5327
5327
5329
5331
5332
5333
5334
5334
5334
5334
5336
5337
5338
5339
5340
5340
5340
5340
5341
5341
5343
5346
5348
5349
5350
5351
5351
5352
5352
5353
5353
5357
5358
5359
5361
5363
5364
5364
5365
5365
5365
5365
5367
5367
5368
5372
5373
5373
5375
5375
5379
5380
5383
5385
5385
5388
5391
5392
5393
5396
5397
5397
5397
5398
5400
5401
5401
5403
5405
5406
5407
5408
5409
5409
5410
5411
5413
5415
5416
5418
5421
5422
5423
5423
5425
5425
5427
5427
5428
5429
5431
5432
5435
5436
5438
5438
5442
5443
5443
5444
5445
5448
5448
5451
5452
5452
5453
5453
5453
5457
5459
5459
5460
5461
5461
5461
5462
5465
5466
5467
5467
5468
5468
5469
5470
5471
5473
5473
5474
5476
5476
5477
5477
5478
5479
5482
5482
5483
5486
5487
5487
5489
5490
5491
5493
5493
5494
5495
5495
5497
5497
5498
5498
5498
5498
5501
5504
5505
5507
5507
5509
5509
5510
5511
5515
5515
5516
5517
5517
5519
5520
5520
5520
5521
5522
5523
5524
5525
5528
5528
5528
5529
5530
5531
5531
5532
5533
5535
5535
5535
5539
5544
5547
5547
5548
5549
5550
5550
5551
5553
5554
5554
5554
5556
5557
5558
5558
5560
5561
5562
5564
5564
5571
5572
5572
5572
5574
5575
5578
5581
5583
5583
5583
5584
5585
5587
5590
5591
5591
5592
5596
5598
5598
5598
5599
5599
5601
5606
5606
5608
5609
5610
5612
5612
5613
5613
5618
5618
5619
5624
5629
5630
5633
5635
5635
5636
5636
5639
5642
5642
5642
5643
5644
5645
5645
5650
5651
5652
5652
5652
5653
5653
5655
5656
5656
5656
5657
5658
5659
5661
5662
5662
5662
5664
5667
5669
5671
5673
5673
5676
5676
5678
5687
5689
5691
5692
5695
5695
5703
5703
5704
5705
5706
5706
5707
5708
5708
5710
5714
5716
5716
5717
5717
5717
5718
5718
5718
5719
5719
5719
5720
5720
5723
5724
5724
5725
5725
5730
5732
5732
5737
5742
5745
5746
5746
5748
5754
5754
5754
5755
5756
5758
5759
5762
5764
5764
5765
5765
5765
5768
5771
5772
5774
5774
5775
5775
5777
5779
5780
5787
5788
5788
5788
5788
5791
5791
5793
5793
5795
5795
5796
5796
5798
5801
5803
5803
5805
5809
5810
5810
5811
5812
5812
5814
5815
5816
5816
5817
5817
5818
5818
5819
5819
5820
5821
5823
5824
5825
5828
5829
5829
5833
5834
5834
5835
5836
5836
5839
5840
5842
5845
5847
5848
5850
5850
5853
5854
5856
5856
5858
5859
5862
5863
5863
5865
5865
5866
5866
5869
5873
5874
5874
5874
5874
5875
5876
5877
5878
5878
5881
5884
5889
5891
5892
5897
5899
5899
5900
5901
5904
5906
5906
5907
5907
5909
5910
5911
5912
5919
5920
5922
5924
5925
5925
5925
5926
5926
5930
5932
5932
5934
5935
5936
5936
5937
5938
5938
5939
5942
5943
5944
5946
5947
5947
5947
5948
5948
5949
5950
5950
5953
5953
5954
5954
5955
5959
5960
5962
5964
5964
5967
5968
5972
5973
5974
5976
5977
5979
5980
5981
5981
5981
5982
5982
5984
5984
5987
5987
5989
5989
5993
5996
5997
6001
6003
6009
6009
6010
6010
6012
6015
6019
6022
6023
6023
6023
6024
6025
6028
6029
6031
6033
6034
6035
6036
6041
6044
6046
6047
6048
6048
6050
6050
6050
6050
6052
6053
6054
6055
6057
6058
6059
6061
6062
6062
6062
6064
6066
6070
6070
6070
6070
6074
6075
6075
6075
6075
6079
6079
6081
6083
6085
6085
6085
6086
6088
6088
6090
6090
6091
6092
6094
6095
6095
6095
6097
6097
6098
6098
6099
6101
6102
6104
6105
6107
6109
6109
6110
6110
6111
6111
6114
6114
6115
6116
6116
6116
6118
6119
6119
6119
6121
6121
6122
6124
6125
6126
6128
6130
6131
6133
6133
6133
6135
6135
6137
6140
6141
6144
6146
6147
6150
6151
6151
6152
6152
6153
6153
6153
6154
6154
6154
6154
6157
6158
6162
6163
6164
6165
6166
6167
6167
6169
6172
6178
6179
6180
6180
6181
6181
6181
6185
6190
6190
6190
6191
6191
6196
6196
6198
6199
6200
6200
6206
6206
6209
6210
6213
6216
6216
6220
6220
6221
6222
6223
6223
6224
6225
6226
6227
6230
6230
6232
6232
6237
6238
6238
6239
6240
6240
6240
6243
6243
6244
6248
6249
6251
6251
6253
6255
6255
6258
6258
6259
6259
6260
6260
6262
6263
6263
6264
6264
6264
6264
6264
6266
6268
6269
6272
6275
6275
6278
6279
6282
6283
6283
6285
6285
6285
6288
6289
6290
6290
6293
6294
6297
6297
6298
6303
6304
6305
6305
6308
6309
6310
6313
6313
6314
6316
6317
6318
6319
6321
6322
6324
6325
6326
6326
6328
6329
6330
6330
6330
6333
6333
6335
6335
6335
6335
6338
6339
6339
6339
6340
6341
6341
6342
6343
6343
6343
6344
6344
6345
6346
6346
6347
6348
6350
6351
6352
6353
6353
6356
6357
6359
6360
6360
6361
6362
6363
6363
6367
6367
6371
6371
6372
6372
6372
6374
6377
6378
6378
6384
6388
6390
6390
6390
6391
6392
6394
6395
6396
6396
6397
6397
6399
6402
6402
6403
6403
6403
6404
6405
6406
6406
6413
6414
6415
6416
6416
6416
6416
6417
6417
6418
6420
6421
6422
6422
6422
6422
6423
6426
6427
6428
6429
6433
6435
6436
6437
6438
6438
6440
6443
6443
6446
6447
6448
6450
6451
6451
6454
6454
6454
6455
6455
6455
6456
6457
6457
6457
6458
6459
6460
6460
6461
6462
6463
6463
6467
6467
6468
6470
6472
6473
6475
6476
6476
6480
6481
6482
6483
6483
6486
6487
6488
6490
6491
6495
6495
6495
6496
6497
6497
6499
6500
6502
6503
6505
6511
6513
6514
6517
6517
6519
6520
6520
6522
6522
6523
6526
6527
6528
6529
6529
6529
6531
6531
6531
6532
6533
6534
6535
6535
6538
6538
6539
6539
6540
6542
6542
6544
6545
6548
6548
6548
6549
6550
6552
6554
6555
6555
6558
6558
6560
6561
6561
6565
6566
6566
6566
6567
6567
6568
6572
6572
6574
6575
6576
6577
6579
6579
6581
6581
6584
6584
6584
6585
6587
6592
6594
6594
6594
6594
6594
6595
6596
6597
6597
6597
6599
6600
6603
6603
6604
6604
6605
6606
6606
6607
6609
6609
6609
6609
6612
6614
6614
6616
6616
6617
6618
6618
6618
6618
6619
6619
6621
6622
6623
6623
6623
6623
6624
6625
6626
6628
6629
6631
6633
6636
6642
6642
6642
6642
6644
6644
6645
6646
6646
6647
6647
6648
6648
6650
6651
6655
6657
6661
6661
6661
6665
6665
6666
6666
6667
6668
6671
6671
6671
6673
6673
6675
6676
6682
6682
6684
6686
6688
6689
6689
6693
6693
6694
6695
6696
6697
6698
6699
6699
6701
6702
6705
6706
6706
6710
6712
6713
6713
6713
6714
6719
6723
6723
6723
6723
6724
6724
6726
6728
6729
6730
6730
6732
6733
6733
6735
6735
6739
6739
6740
6742
6742
6743
6746
6748
6748
6750
6751
6751
6755
6756
6758
6758
6758
6760
6764
6764
6766
6766
6767
6769
6770
6770
6773
6774
6778
6780
6780
6783
6786
6787
6789
6789
6790
6791
6791
6792
6792
6793
6793
6793
6793
6794
6800
6801
6801
6802
6803
6803
6804
6807
6809
6810
6810
6810
6811
6812
6815
6815
6816
6818
6818
6822
6822
6823
6825
6825
6826
6827
6827
6828
6829
6829
6831
6832
6832
6834
6837
6838
6838
6840
6840
6840
6842
6842
6843
6843
6848
6849
6850
6855
6858
6860
6861
6862
6862
6862
6863
6865
6869
6870
6871
6872
6873
6873
6874
6874
6876
6876
6877
6881
6882
6888
6890
6892
6892
6893
6894
6895
6896
6900
6900
6902
6903
6904
6907
6908
6909
6910
6912
6913
6914
6914
6916
6918
6922
6924
6925
6926
6927
6927
6928
6928
6929
6930
6932
6933
6935
6936
6936
6936
6937
6939
6940
6945
6946
6947
6948
6949
6949
6950
6950
6953
6954
6954
6957
6957
6957
6960
6971
6973
6973
6974
6974
6974
6975
6976
6977
6978
6980
6981
6981
6982
6983
6983
6987
6989
6989
6991
6992
6993
6993
6995
6996
6997
6997
6998
6999
6999
6999
7000
7004
7007
7009
7009
7012
7013
7013
7013
7013
7013
7013
7014
7015
7015
7016
7018
7019
7020
7023
7023
7026
7026
7028
7029
7030
7030
7036
7037
7038
7039
7039
7041
7041
7046
7049
7050
7051
7051
7051
7053
7053
7054
7054
7054
7055
7056
7056
7057
7058
7058
7058
7059
7060
7060
7061
7062
7062
7063
7064
7065
7065
7066
7066
7067
7068
7068
7071
7071
7072
7074
7075
7075
7075
7076
7079
7080
7081
7081
7085
7089
7090
7092
7094
7094
7095
7098
7098
7100
7100
7101
7104
7105
7106
7108
7108
7109
7110
7111
7113
7115
7115
7115
7116
7120
7122
7122
7122
7122
7123
7124
7124
7125
7125
7126
7128
7128
7129
7131
7132
7133
7134
7137
7140
7140
7140
7140
7141
7141
7142
7142
7143
7143
7145
7147
7148
7149
7150
7151
7151
7151
7153
7154
7155
7155
7161
7163
7164
7166
7168
7168
7173
7174
7174
7174
7174
7174
7176
7178
7179
7182
7182
7185
7185
7186
7189
7190
7191
7192
7194
7195
7196
7197
7198
7199
7199
7201
7202
7202
7203
7203
7204
7205
7205
7209
7211
7211
7211
7212
7212
7212
7212
7212
7214
7214
7216
7218
7219
7220
7220
7222
7224
7224
7226
7226
7228
7232
7232
7234
7235
7236
7236
7237
7237
7237
7238
7240
7241
7242
7243
7244
7244
7246
7247
7247
7248
7250
7252
7254
7255
7259
7260
7260
7261
7262
7262
7262
7263
7264
7264
7268
7268
7271
7271
7272
7272
7274
7277
7278
7278
7280
7283
7284
7287
7289
7291
7298
7300
7301
7305
7305
7306
7307
7308
7308
7314
7315
7316
7318
7320
7321
7321
7324
7324
7327
7329
7330
7330
7333
7333
7335
7336
7336
7337
7338
7341
7342
7347
7348
7349
7349
7350
7353
7353
7358
7360
7361
7362
7363
7365
7366
7368
7369
7369
7370
7371
7372
7372
7372
7373
7373
7374
7375
7376
7382
7385
7386
7389
7389
7394
7395
7395
7398
7399
7399
7401
7402
7402
7405
7405
7407
7407
7411
7411
7412
7413
7413
7414
7414
7415
7416
7419
7419
7422
7423
7423
7423
7424
7425
7425
7425
7427
7427
7428
7429
7430
7431
7432
7433
7436
7437
7437
7438
7439
7440
7443
7443
7446
7447
7447
7448
7448
7450
7452
7453
7453
7454
7454
7454
7456
7457
7457
7459
7459
7460
7460
7461
7461
7462
7463
7463
7465
7465
7465
7466
7466
7467
7469
7470
7470
7470
7471
7473
7477
7478
7479
7479
7479
7481
7481
7482
7487
7488
7489
7490
7490
7491
7494
7494
7494
7498
7498
7498
7500
7502
7502
7502
7502
7503
7503
7505
7506
7506
7509
7510
7511
7512
7513
7516
7516
7516
7518
7519
7521
7523
7523
7524
7525
7527
7528
7532
7532
7534
7535
7536
7539
7541
7541
7545
7546
7547
7547
7548
7550
7554
7555
7555
7555
7556
7556
7557
7557
7559
7559
7560
7561
7563
7564
7565
7566
7572
7573
7573
7574
7576
7577
7577
7578
7578
7582
7582
7588
7593
7596
7599
7601
7603
7604
7607
7607
7607
7609
7610
7611
7611
7613
7613
7617
7617
7623
7624
7625
7626
7626
7626
7628
7629
7630
7631
7635
7635
7636
7640
7641
7645
7647
7647
7647
7647
7649
7649
7656
7656
7657
7660
7662
7663
7664
7665
7666
7667
7667
7668
7669
7669
7671
7672
7673
7675
7677
7678
7679
7680
7681
7681
7682
7684
7684
7684
7684
7684
7686
7688
7688
7689
7690
7692
7693
7696
7698
7698
7699
7699
7700
7700
7706
7707
7707
7710
7711
7714
7714
7714
7715
7717
7718
7719
7720
7720
7723
7723
7723
7724
7726
7726
7726
7727
7727
7728
7730
7731
7733
7735
7735
7737
7737
7738
7742
7745
7746
7747
7748
7752
7752
7752
7753
7754
7754
7755
7756
7757
7759
7759
7759
7759
7761
7762
7764
7767
7771
7772
7778
7780
7782
7782
7782
7783
7787
7788
7789
7790
7797
7797
7800
7800
7803
7805
7806
7806
7807
7810
7813
7814
7815
7816
7818
7818
7819
7821
7821
7824
7824
7826
7826
7827
7828
7828
7830
7832
7833
7834
7837
7837
7838
7839
7840
7841
7841
7843
7846
7846
7847
7849
7850
7851
7851
7852
7853
7856
7856
7857
7858
7858
7863
7864
7865
7865
7868
7870
7871
7872
7873
7874
7877
7879
7881
7884
7888
7889
7889
7892
7892
7892
7892
7894
7895
7896
7898
7898
7899
7900
7900
7900
7900
7902
7902
7906
7908
7910
7913
7913
7914
7915
7915
7915
7917
7921
7922
7923
7925
7926
7928
7929
7931
7932
7935
7937
7938
7939
7943
7943
7946
7947
7948
7948
7949
7950
7953
7954
7954
7954
7955
7955
7955
7956
7959
7961
7962
7964
7964
7964
7965
7966
7966
7967
7968
7969
7970
7971
7972
7973
7977
7977
7978
7982
7983
7984
7984
7985
7987
7987
7990
7990
7992
7993
7994
7994
7995
7995
7996
7997
7997
7997
7999
8003
8003
8003
8004
8006
8006
8006
8006
8007
8007
8008
8009
8009
8009
8009
8011
8012
8014
8015
8016
8018
8018
8019
8021
8023
8024
8026
8028
8028
8029
8029
8030
8031
8033
8033
8033
8034
8035
8039
8039
8041
8041
8042
8046
8046
8047
8047
8050
8050
8050
8050
8053
8054
8060
8062
8063
8065
8065
8066
8066
8067
8068
8068
8068
8068
8070
8071
8073
8074
8074
8076
8076
8078
8080
8081
8082
8085
8087
8087
8089
8091
8092
8092
8092
8092
8095
8095
8096
8096
8096
8097
8098
8103
8103
8104
8104
8104
8104
8105
8105
8107
8108
8108
8109
8110
8112
8112
8112
8113
8114
8114
8115
8116
8120
8124
8124
8125
8125
8126
8136
8137
8142
8142
8143
8144
8145
8145
8146
8147
8147
8147
8148
8148
8149
8151
8151
8152
8152
8154
8156
8159
8159
8161
8162
8164
8164
8165
8165
8166
8168
8169
8173
8173
8175
8177
8177
8177
8178
8179
8180
8182
8182
8184
8185
8187
8187
8191
8192
8193
8197
8199
8200
8200
8202
8203
8206
8208
8209
8209
8211
8212
8214
8214
8215
8215
8216
8218
8219
8220
8220
8220
8221
8221
8223
8223
8224
8225
8227
8229
8231
8231
8232
8234
8238
8239
8239
8240
8240
8244
8244
8246
8247
8248
8248
8250
8252
8252
8253
8253
8255
8256
8259
8260
8261
8261
8262
8263
8265
8265
8268
8270
8270
8270
8272
8273
8276
8276
8277
8277
8277
8278
8283
8283
8284
8287
8287
8288
8289
8289
8289
8290
8292
8292
8296
8297
8298
8299
8299
8302
8302
8303
8305
8306
8307
8307
8308
8308
8309
8311
8312
8313
8315
8315
8315
8315
8315
8318
8319
8321
8324
8328
8330
8332
8334
8335
8335
8336
8337
8338
8339
8339
8340
8341
8344
8345
8345
8346
8348
8352
8352
8356
8356
8356
8356
8356
8357
8360
8361
8362
8362
8364
8364
8364
8365
8367
8369
8370
8371
8373
8374
8376
8376
8377
8378
8379
8380
8383
8383
8384
8384
8388
8388
8388
8389
8390
8392
8392
8394
8397
8398
8402
8402
8402
8405
8408
8409
8410
8413
8414
8416
8416
8416
8416
8417
8422
8422
8423
8424
8425
8426
8426
8426
8427
8428
8431
8431
8431
8432
8433
8434
8435
8437
8438
8439
8440
8441
8443
8445
8446
8449
8449
8449
8453
8454
8457
8458
8458
8459
8463
8464
8464
8464
8465
8466
8467
8467
8470
8470
8472
8472
8472
8472
8473
8474
8475
8476
8476
8477
8479
8479
8479
8480
8481
8481
8482
8482
8487
8492
8493
8493
8494
8495
8496
8496
8497
8498
8499
8501
8501
8501
8505
8506
8507
8508
8509
8509
8512
8512
8514
8516
8516
8517
8522
8524
8524
8524
8525
8525
8529
8530
8532
8532
8534
8535
8536
8537
8538
8539
8539
8541
8541
8541
8541
8543
8543
8543
8545
8545
8545
8545
8547
8547
8548
8548
8549
8550
8550
8550
8551
8551
8552
8553
8553
8554
8555
8560
8562
8563
8564
8566
8566
8567
8569
8570
8571
8571
8571
8573
8575
8575
8576
8577
8578
8578
8579
8581
8582
8582
8582
8583
8583
8587
8588
8589
8589
8590
8590
8590
8592
8592
8592
8594
8595
8595
8597
8598
8599
8599
8602
8605
8605
8605
8605
8606
8607
8609
8613
8613
8614
8615
8615
8615
8616
8617
8618
8619
8620
8621
8622
8623
8623
8625
8625
8625
8626
8628
8628
8629
8630
8630
8631
8631
8631
8631
8632
8633
8633
8635
8635
8639
8643
8643
8645
8646
8651
8651
8652
8652
8656
8656
8657
8658
8658
8661
8663
8664
8665
8666
8666
8668
8671
8671
8675
8676
8677
8677
8677
8678
8680
8680
8681
8683
8684
8686
8688
8688
8689
8689
8691
8691
8693
8694
8695
8697
8698
8698
8698
8699
8699
8700
8707
8707
8712
8713
8716
8716
8717
8717
8718
8719
8721
8724
8724
8724
8725
8725
8726
8727
8728
8730
8731
8731
8731
8732
8732
8735
8735
8739
8744
8747
8747
8748
8748
8749
8750
8750
8751
8753
8753
8754
8755
8756
8756
8763
8766
8766
8767
8770
8771
8775
8775
8776
8778
8779
8780
8782
8784
8784
8784
8784
8785
8789
8792
8794
8794
8796
8797
8798
8799
8799
8799
8805
8805
8806
8808
8812
8814
8816
8817
8820
8822
8823
8823
8824
8824
8825
8826
8828
8828
8830
8831
8833
8835
8836
8837
8837
8841
8842
8842
8843
8845
8845
8845
8845
8846
8848
8849
8849
8850
8851
8853
8857
8860
8862
8862
8862
8869
8869
8870
8870
8871
8876
8876
8876
8877
8877
8880
8880
8881
8881
8881
8884
8887
8887
8889
8889
8895
8895
8897
8898
8900
8901
8904
8905
8905
8905
8910
8911
8912
8916
8916
8917
8920
8920
8921
8923
8923
8923
8925
8927
8929
8929
8932
8932
8935
8936
8938
8940
8941
8941
8942
8946
8946
8946
8948
8951
8951
8954
8959
8960
8962
8964
8966
8966
8967
8969
8971
8972
8975
8975
8975
8976
8977
8978
8980
8982
8983
8988
8989
8990
8993
8995
8996
8998
8998
8999
8999
8999
9000
9001
9002
9002
9004
9005
9005
9009
9010
9010
9011
9011
9012
9013
9014
9016
9016
9018
9018
9018
9021
9021
9022
9022
9023
9027
9028
9028
9028
9029
9030
9030
9034
9035
9036
9036
9037
9038
9040
9040
9041
9041
9044
9045
9046
9048
9050
9050
9051
9056
9057
9057
9058
9059
9061
9061
9061
9062
9064
9066
9069
9069
9070
9071
9072
9075
9075
9076
9076
9077
9078
9079
9081
9082
9084
9086
9087
9088
9089
9090
9090
9092
9092
9093
9093
9095
9097
9099
9100
9101
9101
9103
9103
9104
9105
9107
9113
9115
9119
9120
9124
9124
9125
9126
9131
9131
9131
9131
9131
9132
9134
9137
9138
9142
9143
9143
9143
9144
9145
9145
9145
9147
9149
9151
9151
9151
9151
9153
9154
9154
9155
9155
9156
9158
9159
9159
9160
9160
9162
9162
9163
9164
9165
9167
9168
9168
9169
9169
9170
9171
9171
9173
9173
9175
9177
9178
9178
9179
9180
9182
9183
9185
9185
9186
9188
9192
9193
9194
9194
9194
9195
9195
9196
9200
9200
9202
9202
9202
9203
9204
9208
9208
9209
9210
9211
9213
9213
9213
9213
9214
9214
9214
9215
9216
9216
9216
9218
9218
9220
9221
9221
9221
9222
9223
9224
9227
9230
9231
9231
9233
9233
9233
9236
9237
9237
9239
9240
9242
9247
9248
9248
9249
9250
9252
9252
9252
9252
9253
9253
9253
9253
9254
9256
9258
9259
9259
9260
9261
9261
9262
9263
9265
9266
9277
9279
9280
9281
9284
9287
9288
9290
9291
9291
9292
9292
9293
9293
9293
9294
9295
9296
9296
9296
9296
9300
9302
9302
9303
9303
9304
9304
9305
9306
9306
9307
9310
9313
9316
9317
9317
9318
9318
9319
9322
9326
9326
9327
9328
9329
9335
9336
9337
9337
9338
9340
9340
9340
9342
9343
9343
9344
9345
9346
9346
9347
9348
9349
9349
9350
9350
9351
9351
9352
9352
9356
9357
9358
9359
9360
9360
9364
9364
9365
9368
9369
9370
9371
9372
9372
9375
9378
9379
9380
9381
9382
9383
9383
9384
9386
9387
9387
9388
9391
9392
9392
9392
9392
9393
9394
9399
9400
9400
9402
9404
9404
9406
9407
9408
9408
9410
9411
9412
9412
9412
9415
9415
9415
9415
9415
9420
9421
9422
9422
9423
9423
9424
9429
9429
9429
9431
9431
9435
9436
9441
9442
9442
9442
9444
9445
9445
9447
9448
9450
9450
9450
9452
9452
9452
9454
9455
9455
9457
9458
9459
9459
9460
9462
9463
9464
9465
9468
9468
9469
9470
9472
9474
9475
9475
9477
9479
9479
9480
9482
9483
9488
9489
9490
9492
9492
9494
9494
9497
9497
9500
9502
9502
9504
9505
9509
9509
9509
9510
9513
9513
9516
9516
9518
9519
9519
9521
9522
9524
9530
9532
9532
9536
9537
9538
9538
9539
9541
9543
9545
9547
9549
9549
9550
9551
9552
9552
9553
9555
9555
9557
9557
9560
9560
9563
9564
9564
9564
9565
9565
9566
9568
9569
9569
9569
9570
9570
9575
9577
9579
9584
9584
9586
9586
9592
9598
9600
9600
9609
9609
9610
9611
9611
9614
9615
9615
9615
9615
9617
9617
9617
9618
9619
9620
9620
9621
9621
9622
9623
9623
9624
9625
9625
9626
9628
9629
9631
9632
9633
9633
9634
9634
9638
9638
9640
9643
9643
9644
9644
9646
9648
9648
9648
9649
9650
9650
9651
9651
9654
9656
9656
9657
9657
9658
9659
9659
9660
9661
9664
9666
9666
9667
9667
9669
9669
9670
9671
9674
9678
9679
9679
9682
9682
9683
9683
9684
9687
9689
9689
9690
9691
9692
9693
9695
9695
9696
9698
9698
9698
9699
9699
9699
9701
9702
9703
9703
9703
9704
9708
9708
9709
9710
9714
9715
9718
9718
9719
9720
9720
9722
9723
9723
9725
9725
9726
9726
9727
9728
9729
9732
9732
9733
9733
9733
9738
9740
9741
9742
9744
9747
9748
9748
9749
9750
9751
9751
9752
9753
9755
9757
9758
9758
9758
9759
9759
9759
9760
9761
9762
9763
9764
9764
9765
9765
9765
9766
9770
9770
9771
9771
9772
9773
9774
9775
9776
9777
9778
9778
9778
9778
9781
9784
9785
9785
9786
9786
9786
9786
9786
9792
9794
9796
9797
9797
9799
9800
9802
9805
9805
9806
9806
9808
9808
9814
9814
9816
9816
9817
9818
9821
9821
9825
9826
9826
9827
9829
9830
9832
9832
9835
9835
9835
9836
9837
9838
9838
9839
9839
9840
9840
9841
9842
9844
9844
9845
9846
9847
9849
9854
9857
9858
9859
9862
9863
9866
9867
9869
9870
9870
9870
9870
9874
9875
9879
9882
9882
9882
9882
9884
9885
9887
9889
9892
9893
9893
9893
9896
9897
9897
9897
9898
9899
9899
9902
9903
9905
9906
9907
9908
9909
9911
9913
9915
9915
9916
9917
9921
9923
9923
9925
9926
9927
9927
9927
9928
9928
9936
9937
9939
9941
9945
9945
9947
9947
9948
9949
9949
9949
9952
9955
9961
9961
9962
9965
9968
9969
9972
9973
9981
9981
9981
9984
9984
9985
9986
9986
9987
9987
9992
9999
