7151
5525
7012
1596
9170
439
4362
6827
6286
2541
5289
8571
7693
2291
6885
7770
7401
7902
6331
1690
7494
3351
4147
8473
7628
4643
993
5419
8818
5376
5499
1126
6277
8478
8453
4330
3769
183
7640
2939
439
2908
2017
6124
7828
4574
8581
3434
7346
1270
9298
2674
1711
5698
3649
4288
7115
6588
1768
7813
4552
2872
3548
3332
2522
4185
3395
3257
3613
1697
4935
710
4758
3860
7447
9964
1266
7543
5368
5426
4986
9275
7288
5093
8184
2736
3683
3052
5331
7623
6126
3575
4246
5688
9681
6468
4752
6380
1490
5485
20
8440
9996
7329
896
5991
6687
1677
2602
5523
1600
4439
9319
3952
7985
6935
9989
7557
9228
1619
7208
8680
1705
2309
7490
3268
1198
1323
3835
2105
7990
42
1313
273
5034
544
24
6778
8764
8565
7362
6597
4515
5181
1242
9050
2449
3197
8667
7382
7552
2519
8413
8114
4538
3939
7439
1473
9400
7916
2288
7542
978
4709
8935
1023
4598
6678
2051
1298
1732
8455
3965
4354
2373
1703
9610
4430
731
137
4524
8454
9556
5420
5927
5867
1480
470
9361
4882
3746
268
2051
9077
956
1328
9420
9750
3362
3064
1253
6289
6777
4743
5247
7085
1976
9018
7128
958
3716
6225
4781
2842
7578
1336
3242
933
390
9008
2348
4636
1712
5663
3159
2139
1206
9665
5795
3067
1428
2938
8257
6428
7376
9961
5820
602
7266
810
9963
559
992
648
4770
8021
1752
7500
936
8438
2887
2215
3316
3634
2519
1865
4193
4204
4165
6091
3216
210
575
5823
1964
5831
4620
6049
1688
4862
3510
8970
1781
3109
7651
6754
7792
2012
9986
4879
4456
2720
1360
6494
397
9033
2778
6125
3620
156
3980
2578
7559
7277
9096
3084
9577
6357
4195
4916
7591
9740
9993
5583
6906
7540
1585
8467
3561
8594
3786
5523
8332
9080
6645
9497
5099
8579
5197
6607
2916
9119
6017
8763
2828
2594
290
8836
3997
9260
4679
165
4717
5433
7358
2141
9807
736
6189
8799
7075
1723
3254
669
8424
8019
7257
2541
9266
2359
964
6549
6935
9049
7958
3368
7875
5573
353
4396
7435
4575
3165
6535
7086
4712
3321
391
1799
6988
8972
3355
7008
28
6842
5985
609
5299
8354
9628
1750
7430
2484
8257
638
1981
4336
5055
48
9529
7353
1608
4152
9265
8553
7680
5598
3581
1406
290
4087
7950
34
3097
1830
4968
8648
3090
315
4509
482
9627
2587
8007
1680
5944
1200
6913
1586
4514
2871
8946
9471
3356
4951
9592
4734
9892
2513
957
6162
9713
7203
1384
8466
223
9911
963
1302
805
137
8277
7118
5871
2293
8395
7580
2173
6462
5223
9362
7751
5932
4213
5270
6603
7149
4806
9826
5925
3595
4859
8567
5737
1246
6768
6610
7072
9241
1074
839
2797
6671
8206
3754
795
1496
3368
5948
8677
5247
1973
6018
6017
691
933
4178
7210
5357
4256
7863
5720
9873
3292
8995
1326
7933
3208
9524
2608
1134
4521
1887
9423
6242
1710
6841
8003
2857
6705
6437
660
3893
8669
2119
708
8496
4823
1703
1740
5036
9466
7618
4514
7877
4211
3882
5476
6275
8933
4333
5588
8956
7050
9315
6911
5254
392
513
1131
8858
8107
7066
6413
1940
276
8117
8437
1815
3886
4858
8343
3213
7736
9158
3254
6796
2884
1839
4990
3716
7564
4529
9886
837
1387
3702
2625
3214
607
9508
5672
7296
4633
2704
9477
8641
7214
8288
1062
6732
766
7726
3804
9269
8958
5769
3704
4106
228
9830
3489
7126
4063
6979
36
239
6880
6236
9304
3903
3817
9062
1116
2639
7808
5465
8944
4959
1599
7899
5085
1363
6028
7367
2258
5592
6656
3741
8556
5412
3126
4195
160
5722
4899
377
1752
4029
8284
6361
1049
2860
1944
3709
3485
6028
4307
1691
5009
2755
6715
9340
461
6480
7019
2442
1947
1001
4946
8215
1766
9116
6543
9034
5745
215
1403
9781
9968
7458
2803
1554
7207
8554
1457
1148
8990
9257
8662
25
7949
4865
726
2421
2426
6648
8608
4058
1884
6876
1608
1611
6474
4359
3026
6736
9205
1982
989
5564
5375
5028
3690
8218
839
4332
2584
7862
9843
235
1438
664
1656
604
788
3642
6392
8029
2206
2171
1032
4982
8837
3517
4221
4730
2372
2216
691
5894
9804
1025
6714
822
4676
1749
7789
6759
9009
4272
2272
6887
3886
6522
2357
6760
5176
9633
5851
7652
313
6658
4676
5419
6463
4928
9858
8887
1256
2951
8829
3857
2299
6298
3459
4732
966
1496
5740
1214
5408
4333
6553
8879
6315
9221
2713
1179
280
364
648
2049
5702
5137
3316
4382
8376
5833
4924
6964
3970
1775
7016
6723
2240
3625
7775
42
4835
2182
1177
4694
3705
8451
6546
4281
1992
2525
3928
8182
5606
8560
3665
8297
712
6286
2395
7460
4949
2556
9681
5635
3127
1830
5927
577
9677
2579
8755
5956
4015
6451
4568
9523
816
708
2192
2967
4761
5060
7701
7663
1896
4161
2476
1726
9300
2477
4558
160
555
9389
1589
3562
2410
7104
431
5710
3960
7596
4978
1485
6575
8595
5213
5208
8632
6709
6918
4143
7731
6848
5381
8586
8064
3219
1164
9558
141
8160
9089
8310
8956
7279
7034
5499
8351
7695
1780
239
3651
5319
3008
4283
4934
8331
9723
265
8327
3034
7192
5203
8249
4292
5067
3450
435
1849
4405
2275
3431
6509
6583
7708
5437
328
5045
428
507
809
1498
3576
595
5338
3393
1777
4489
8590
6646
2187
7839
4599
3210
1881
6784
4389
5917
1764
2565
8265
7259
9851
9559
3559
9046
803
7874
3114
7771
3760
1601
5521
6084
1708
7244
599
9641
4419
8795
9712
9188
5618
3558
800
9968
676
3035
4566
1341
6235
4650
2565
3442
3136
656
9922
7919
8050
7246
7593
8479
9098
2422
7739
582
3407
6370
403
4957
7717
2881
3062
7719
9489
718
632
2302
7159
8526
3755
2111
4452
3526
5554
9439
3624
3079
5283
249
1003
3319
8939
5381
304
6685
1772
2966
3654
393
9425
4527
27
3117
5635
1331
6956
4348
2820
9241
1976
4798
8968
9304
8563
8605
4371
613
5669
6415
4109
6422
5362
16
2018
6625
4181
2411
8439
2918
3397
3093
5543
6517
8058
6166
3147
8238
2536
6228
2216
7860
9066
4302
2161
1612
3274
1106
9853
5048
6269
1532
6036
8746
364
2060
2100
1111
7932
3395
4256
3194
6527
2697
2999
5906
6500
8125
5058
1562
1913
506
4039
7394
9825
7843
27
1679
96
8411
7189
7628
9875
7987
9229
7146
9996
5089
2675
4124
1707
8009
9051
2680
2377
9243
3302
3386
5246
5464
781
4923
9074
3570
4263
6377
4896
5664
6649
2212
8823
8875
7229
9829
890
9527
299
3802
5031
5265
211
3250
8869
4450
9245
4722
1654
6957
9704
2514
2620
6155
4175
7063
6936
6224
1482
157
8253
8729
7328
1120
2691
9061
1225
2711
2968
9773
7074
8558
5121
4001
1434
9247
1102
1553
2137
7164
4379
9029
4001
156
7138
2585
172
8016
3534
1880
8709
9552
3499
4467
9858
3718
8889
9678
7983
9143
2336
1656
5350
9625
6173
550
2122
6246
7722
5114
8692
4956
1259
4693
2196
9789
4213
4678
6041
8922
4409
8941
8283
9895
2462
1889
5093
9371
6381
2987
8081
4631
8869
429
6604
5056
623
6866
7496
4075
8061
9778
9216
4452
9643
2354
6390
9722
6103
9383
184
2442
9612
21
9538
5799
4122
232
4957
6147
4498
7022
7812
221
4845
1503
4151
8695
8396
6698
6008
6402
1578
3725
5523
296
4926
3264
2571
9830
4925
1183
4767
5044
2444
8178
4172
4419
3123
6027
1628
4498
8029
7772
1004
2108
5899
914
7691
3121
8872
7074
9182
47
9287
4334
704
5758
57
4755
3815
4037
8908
7218
6690
5308
8221
1754
5070
2687
8749
3823
5944
8827
8481
873
4333
5208
5203
5083
1709
8019
7318
6589
8509
3767
6551
2185
7148
8472
1440
5919
3981
4011
758
7077
4275
6805
178
5279
1324
2095
5116
3319
6020
8211
8194
1128
9578
3317
2553
1565
3071
4721
5851
3393
3931
9965
3550
498
1225
458
5638
6488
3043
9549
2112
3548
7720
6180
1887
5462
4682
8391
7364
7575
5220
4061
4278
3567
8296
3352
3969
9788
1671
4286
7098
97
2890
7764
8881
6558
813
3545
6127
6273
4923
173
3615
745
7957
5677
6681
9475
4907
7883
3657
340
1165
4110
3502
5841
6395
6179
671
6557
6617
7167
8744
4608
6510
1714
3650
465
9484
137
5440
4288
8602
9777
2021
6850
3052
3699
9123
1146
8452
2304
351
3505
2194
8058
2689
6625
4647
7756
1399
7892
4519
999
9832
2484
5405
4555
7766
6686
8936
9134
4525
8296
6323
3420
2120
4219
8307
5227
3490
9455
1577
7577
5802
34
9591
6708
7088
5621
4511
6982
4925
6451
5223
6459
3487
6143
2601
7505
7537
233
2695
971
3977
8636
8844
1633
8250
8695
2125
8504
6058
1158
5710
2906
5454
7964
8081
2769
8850
9295
25
7509
4149
6368
4092
991
8560
70
4343
4489
1943
8470
5340
6997
600
5313
3063
2423
6177
3466
1118
7807
6286
3138
9142
5655
6512
818
2898
6085
8201
3765
9463
9789
4979
8943
1739
2615
5936
4765
5179
7656
3868
122
5580
5952
5839
3692
3993
3471
4559
8601
1803
3556
6275
8889
8263
9252
6594
6265
800
5939
5401
9897
2126
9906
8427
5875
5847
5254
9299
7624
9161
1297
2581
857
5113
1263
482
5471
5590
1102
4074
6887
5175
5675
8300
5534
7827
8645
9273
3076
223
6032
951
9888
433
1353
7745
7824
9492
9425
8539
8795
7220
4360
8596
6198
8377
4503
6644
2735
6737
4985
7893
7113
5174
1591
9678
2276
1711
671
3593
7272
8081
6528
4806
8078
9846
5349
5817
8747
6966
9163
1407
442
2290
7713
8846
9941
7264
4251
7914
4448
5152
6755
9811
1074
3676
6668
1116
7632
9870
1972
4935
1032
9500
2294
2907
3111
447
6937
8664
1911
690
8777
8737
985
2613
0
9639
8139
7664
176
8535
2630
2917
6272
4682
598
4782
7264
2395
6198
3206
5482
933
4440
4996
2935
7178
4335
5409
6795
3664
6153
8330
6783
1445
4508
914
2841
3572
3179
9103
7930
9808
2612
5348
4500
4733
7482
1167
9989
5310
2443
857
676
8616
9181
3291
9831
5670
3321
5712
3407
7542
4884
1013
1424
8401
8790
1628
9089
6119
1545
784
4796
5656
2976
1363
1315
768
2497
9603
8192
2874
385
4588
7110
245
4938
6183
9433
6180
8555
2687
9191
3662
1564
3620
674
2534
5805
601
5963
4294
6266
9783
6156
6228
1453
9189
5345
5735
6368
5023
1812
370
2061
5603
4436
1310
3284
6331
1938
7175
3480
3988
6872
6253
7926
7005
3942
4058
835
8123
5706
4035
2097
249
3515
3368
510
8989
627
9525
9946
3750
7158
9963
114
1969
8275
7241
7918
8859
3382
8675
2307
2913
5335
4069
5141
1347
8963
9217
1357
791
6660
3444
3635
153
7952
8710
5257
7056
9755
4256
8931
7852
2890
808
9174
5900
8229
2264
9564
3180
7576
1261
3649
1163
6663
1803
5854
3434
9563
6270
1711
4128
3613
27
1571
3643
4301
949
9136
7042
2095
7259
1440
4325
4979
5422
7708
7046
7040
2385
7347
8624
9837
5161
3799
357
9836
5524
7268
3079
5090
4998
7662
9308
2215
4862
9990
5412
6983
4775
8424
54
4834
778
4836
5270
3286
3313
8663
9172
4711
1462
2934
7598
425
42
3239
6981
4794
8562
7931
7100
9662
7212
2156
3469
919
6991
6527
3495
8465
8048
5333
6258
8152
5857
7044
2898
1703
996
2349
1209
6478
2349
7514
5239
6127
2181
102
7981
2213
8731
9224
7168
4945
3493
1789
1432
498
1220
7090
2200
9360
9829
4507
8040
5126
5636
4419
3773
9914
1035
928
5211
4809
185
7074
9313
8036
701
6856
5202
2705
1393
1358
484
9120
3636
2839
7233
6619
4256
6148
763
3864
7450
4478
4813
6558
3655
6933
6940
4130
5579
5157
2332
9837
6157
386
7551
43
935
3937
5880
3619
5754
6786
5278
5726
6030
7869
828
950
6950
3464
5781
476
2690
8866
196
4326
5342
735
8578
4979
7160
8961
3953
2876
8959
5423
1573
3657
631
2020
7506
4317
2408
3783
1025
6928
8982
1907
7324
9783
1372
9106
1129
5361
6050
4427
835
1280
8973
8964
1363
5187
5877
5430
7998
8380
5762
236
9208
5298
6928
4071
1462
1765
9521
5426
641
8426
4625
2844
3142
7538
6549
1255
843
2747
1069
1420
4892
9794
6168
2649
7779
1699
7367
8905
5926
864
3594
382
1498
6266
9702
6845
6422
1886
7688
5093
7538
5135
3699
9646
8350
620
2821
5931
3951
9853
2151
8251
8532
512
6452
801
9895
442
4449
238
2223
7436
2122
5528
9058
2484
4046
8521
8775
2172
2352
1143
8169
404
9519
187
5112
615
2031
2224
5914
620
678
186
3023
4204
7699
9649
6610
9034
8744
6248
2667
9892
360
7886
401
565
4395
2273
5517
8180
6799
9865
6729
6812
2697
3256
4888
5145
4569
7692
7551
8556
4619
8703
7937
5723
6058
2012
5736
4840
6783
1549
1455
9708
8551
9013
2333
0
6034
5831
1451
4920
7288
5730
8183
9693
5862
185
4577
4405
7654
4659
1394
1088
5373
8556
4157
5522
941
2166
6126
7464
8795
1856
6286
8953
1147
4784
2313
6138
3783
5232
9686
1326
4991
2739
5077
1289
4794
1587
1416
1711
2362
4792
9176
1149
5646
5478
152
6099
3953
8964
4758
1037
7519
9540
6766
6797
8616
1444
2873
4951
637
5504
6562
425
5735
4834
8345
2100
2136
6424
5873
7979
953
9311
7684
2279
2546
5249
9942
4132
5592
1865
4694
1900
6048
8095
1713
4654
3170
9828
7073
1979
2777
2699
8931
1645
7238
6466
3527
3939
1172
3484
6000
9261
1047
8285
4810
5297
9022
2449
1627
1176
2375
1449
4338
2425
4753
6003
9788
3391
1309
1605
8838
6841
9118
9349
3037
1662
6975
8696
6513
42
4068
6949
8024
3626
6584
21
3150
384
1445
8826
8426
51
7139
7433
6748
1991
7239
2229
8083
5396
2301
986
5147
2870
4400
5730
6819
80
4022
5335
3901
4189
2873
8950
5694
6629
3744
8732
2725
8968
2844
5808
2169
3450
574
2108
2026
1531
9030
9481
8618
609
8886
1031
9461
7589
4117
5494
3691
1767
1279
7444
3550
7823
6761
6227
4790
4241
8243
3237
7730
9132
8631
9463
1994
9167
7837
3047
8800
504
5281
6132
5508
4699
2844
6497
9830
3979
2158
8053
678
5912
6382
5986
9064
6181
9320
1071
2052
2612
2997
2052
9705
2721
4201
6770
2802
7432
1925
5821
4320
7572
8524
5096
3686
9316
8451
7627
4468
8812
9234
2498
7227
4438
9351
5541
4352
4179
4905
7183
5500
7986
2570
3166
959
2186
8934
5287
2564
2280
8344
8691
9072
8160
1788
553
4644
5442
9855
6713
4834
9067
7778
7459
7293
6197
1630
9954
5753
2252
7633
9000
3761
6157
5414
2902
5479
6557
2755
6952
2902
3139
2092
12
9043
323
3509
4205
6434
7048
2564
320
2533
3661
1285
1546
7631
6057
4567
4316
6135
197
1316
5932
8680
5738
7358
1361
917
7148
4628
9627
2298
9517
2276
3148
8989
7487
9706
1255
2579
5018
8983
8739
2784
5014
5405
7036
7622
5174
2934
1719
3726
8129
5684
3600
4917
1902
996
3298
8061
7675
3612
7490
6229
2378
4451
8568
2291
4905
656
522
3357
1388
7114
1927
1703
9577
4542
4141
3398
1568
8831
3640
6691
7333
8968
1048
8492
284
4573
9101
2324
8831
4560
4578
1563
7551
8847
7091
1928
8532
5770
1452
6930
2211
610
4687
158
9147
2925
9330
8915
7420
2390
7667
5017
4581
9586
9416
9488
8536
5949
5927
5421
3612
7315
2591
2591
5950
3594
8562
4400
1126
7436
4431
2855
4129
3747
1856
6026
5600
3869
8013
4160
2076
4752
874
2740
5396
6774
4708
7350
7350
4985
2452
3660
4278
3258
77
4982
8541
3722
5192
1935
1840
7660
9769
7199
6060
5986
4493
2078
9243
8931
9394
3010
9078
9599
4068
1257
5384
2217
2144
4930
6170
6547
134
7238
1008
2648
2240
292
3519
8930
1401
5066
4681
1899
9980
160
5527
4161
794
5918
6001
3491
2039
9981
1597
616
4370
6363
3202
9791
8255
6888
2152
6528
4579
4382
1375
130
7532
9469
6472
9830
1850
7012
9635
6528
6269
6108
918
9669
9644
14
2678
9520
2543
7573
4597
1151
1514
1102
8905
2539
5255
3196
2869
8357
7871
7448
5974
2107
5812
1381
3580
2841
5022
3025
5491
3485
9136
4248
4877
9763
4422
1203
2125
2895
334
2510
9187
7097
3296
5991
9327
1409
9754
1585
4964
2644
9117
1976
3930
5800
5182
6687
7919
4625
8778
1542
6028
4086
3177
2776
9840
4653
2285
4752
3659
8835
1111
3515
4377
7384
5670
3976
6137
7703
9166
6044
3848
6387
2449
9587
95
172
9308
5921
6918
3281
9569
9350
1667
6384
1548
2703
243
1433
8036
9657
6084
5536
9936
8801
4813
7697
2963
3847
8234
1742
2325
8721
295
6116
7824
8300
4824
428
3556
6429
9268
9085
8087
3157
9084
1550
6381
7763
7819
6633
6303
8627
4203
2284
2139
8868
1441
6393
9880
136
3159
9724
628
7876
6181
4381
3613
3991
4507
1547
2552
9064
5692
7401
5057
2471
5210
4885
5215
1398
8971
3715
3843
1873
8885
4808
1181
7944
1547
3634
6475
7821
1908
2453
687
4776
9828
8288
6716
2105
5609
1870
4541
9141
5652
1257
2514
3345
2034
3961
7032
2541
6999
5545
3667
3959
7782
666
554
3568
6446
3554
2208
3532
3700
7532
8314
1107
2521
3139
9874
9428
9481
1129
6487
4441
2368
3265
5231
6134
376
4093
8890
7531
9235
49
2948
3385
545
9974
9110
5761
5839
8811
1882
6136
7804
7094
2265
3559
7065
2840
2850
2606
6077
3935
9482
4777
4594
6261
331
6138
5279
8245
7579
9062
5379
8014
41
3468
235
9808
7733
4207
4288
9123
1757
8293
4368
8166
3904
5289
2231
3397
1761
2123
3977
9604
8554
5767
6031
713
3402
5298
6732
1558
1869
3840
7915
5139
3526
9603
39
7610
5659
4206
710
1116
1997
9288
2307
1281
6499
1724
2903
9661
386
5725
1091
5550
3723
8903
5820
7073
1985
545
8483
5716
9781
9294
6560
6118
4832
7826
9835
5563
1916
3346
4582
3228
3887
1524
4442
2539
9622
5254
5981
4211
4218
2858
7053
6190
865
4751
444
5841
9075
8619
2999
6178
6455
7108
1140
2010
4634
2462
9000
9365
2764
590
1507
3685
6087
8301
4153
5799
6828
489
9405
9501
7436
293
7388
8954
4767
673
8483
8109
8597
9300
9933
1013
5271
2965
269
8018
8505
2362
5429
7980
7774
2439
6449
6237
3768
8904
6579
217
2907
2058
460
6718
4380
7827
1939
5926
1051
3586
2181
3689
2778
9825
9097
2592
6745
3255
3982
6196
5264
6234
788
629
3800
7857
1732
6263
1510
9432
7821
3190
3589
269
5436
1434
3007
3415
1415
7045
9463
758
8342
4313
7718
2997
4926
3720
9857
684
6635
6787
7283
1970
8330
6371
3116
3920
817
982
4358
2017
9371
9713
3887
9301
3987
9749
6616
6613
5628
7068
4969
3872
6858
6306
3694
1076
993
1904
3859
2265
4713
9091
9975
6951
3306
8363
2976
3880
8858
7344
8171
3303
4320
2559
7005
7863
372
2979
4732
3089
9717
3390
1283
7494
2214
2790
6358
5251
598
9133
9682
802
9482
968
4991
1404
6874
3409
278
2300
4325
4008
4489
3071
7041
3332
4707
2248
1155
4599
4958
2160
5719
1968
6666
5386
861
7258
9024
4404
928
6962
196
506
1732
4086
8016
9093
8955
648
7651
8961
1988
66
1045
4140
8162
7171
3669
4681
5204
3975
2226
3509
358
2341
7570
9345
9683
9251
5858
9597
9780
8052
875
8006
538
2529
6749
8359
948
8373
5595
3483
7917
1505
5027
4050
3014
1041
6935
5025
6619
3286
9021
6932
7237
8994
1967
6831
1276
9763
2496
1362
4902
3958
6492
1130
7760
2557
4299
6836
4679
1739
1442
6013
4899
4411
9157
2614
9970
7425
6765
7635
4429
296
9346
8561
7961
3579
3109
167
6668
4175
2157
8246
7657
8429
236
8362
90
2894
9117
6531
6617
4959
8028
1341
811
4147
8769
4074
6841
7144
1771
9810
2509
2433
21
113
4949
7123
7560
78
8503
2076
1901
7228
3906
5069
9661
3626
5068
888
9527
9861
9277
5332
6477
4477
9175
3037
9931
7716
1633
9337
9908
3651
8974
9541
2075
5431
1423
9454
5548
8905
8962
140
6133
1739
6500
4281
3188
8781
7482
1775
8318
6880
8824
8110
4104
2498
909
8493
2086
9560
5003
569
2110
1258
3094
7001
6760
7479
5657
497
9108
1801
1663
5557
3080
2484
1348
9989
6261
4280
5961
4759
8405
8182
686
9555
1971
2320
15
1655
3638
3320
734
5691
955
6042
6265
3871
6255
4390
7127
2304
8086
7621
3028
7097
2987
8589
4150
2806
3460
7535
3596
1380
6672
7918
3250
9061
4720
4730
6003
6351
5696
3402
2492
532
4449
6569
7673
1404
2516
5831
7742
2142
1220
1423
1140
1070
2929
1545
3406
6752
1221
262
5239
7866
7940
7081
6873
9352
1957
6245
2012
4921
3223
6337
5770
9047
6722
9081
8619
6580
9996
8686
6722
6319
1316
317
5011
4230
2526
9468
4223
534
9211
5553
5054
717
9940
5149
5431
5873
1908
8982
6015
1657
4480
4130
5307
6889
1011
3631
9764
3307
2858
3743
5287
8585
5624
9041
4053
6983
7911
2411
1918
9676
6780
963
2629
8978
3829
7405
479
6947
5682
1054
5022
7699
8686
6048
4981
3901
7800
654
1495
405
4178
9935
272
6685
4901
9007
7951
8003
8607
6905
2766
2264
9130
5105
9344
7979
3818
2365
3494
307
7459
6884
3310
8956
8325
8799
2105
8568
3477
8316
8168
3735
3417
5121
386
2561
2015
7901
8627
7392
8890
7226
1028
6475
9387
255
3300
6125
7880
1378
592
7813
2571
7083
1764
1830
618
8675
6222
8686
2270
8667
5467
4979
4802
1593
9504
569
8538
1789
7079
3953
301
3058
3940
2684
3089
6577
851
3965
4866
79
1808
7356
4222
4598
2179
2918
1872
321
2166
6562
8695
800
8932
1870
4114
9068
8143
6760
762
3332
9598
9242
3228
4694
4738
3564
3169
602
3059
1837
6220
4728
971
3900
8096
7738
7279
2864
4523
4763
8566
2456
9635
3759
2775
4253
7196
636
83
6195
7347
5206
2508
3854
9514
3945
2961
3490
6415
4383
9687
8050
7883
8641
133
9466
6549
4858
2860
536
6240
4888
625
8773
2472
3739
3641
6050
1460
672
7168
237
5576
4215
2645
1427
6971
4223
9830
6751
5951
3492
6227
5505
306
7967
5537
1434
7856
2412
238
8659
7123
5705
2924
8845
7304
8346
3709
5779
4655
5689
8441
6603
1823
6842
7294
6636
1267
925
9140
4122
8725
3805
7659
3436
3254
3093
4500
7903
9767
6290
10
8819
727
4772
8267
243
8873
2302
6854
2146
7312
2701
35
7505
8042
4677
681
1037
1479
2870
656
1077
7253
1725
5236
9497
602
5752
3826
5021
4332
4898
8690
5229
5200
7404
5601
7148
813
3052
4154
2661
1772
8639
6817
4194
5999
458
3708
74
8555
8510
7006
8820
3667
3194
8928
6826
2498
7162
8190
3258
9749
6333
5852
1510
2579
2981
3171
8059
425
3224
8925
8270
2998
4563
1960
5010
5760
5629
106
3335
1906
3193
7665
4268
9779
3430
8565
1589
4003
8225
8301
919
5492
2714
491
8928
83
9572
3445
9988
7665
2981
6513
4659
3139
7293
5564
8070
5570
6756
4071
7991
4448
380
5630
6480
4984
3574
1446
6316
144
9936
8083
3227
4206
6028
2355
7665
7812
2475
1387
2461
1001
4776
6203
4038
2598
3122
9440
4753
1401
7217
5271
3472
7529
7434
233
8405
1000
8061
4055
4661
1102
3964
1635
2967
4311
6406
872
475
9259
2977
6392
2583
7493
5973
832
4669
2019
4357
1769
5001
1530
6697
8846
3909
9714
9959
3461
479
2677
9025
2140
6547
3808
7095
6514
2242
1251
8413
7023
8436
3755
8999
2160
5337
5145
3184
4739
6155
3487
9835
9803
2591
9030
2304
6561
7355
7471
2600
7959
3313
2004
4948
8538
8249
5434
9495
2195
3085
9206
6101
8346
4494
793
5155
1865
7637
7721
7997
3080
1651
5469
6374
9737
1289
116
5850
3762
4532
3107
4608
2179
2112
889
5403
7475
5709
2481
4944
9452
