4224
5075
873
8168
480
3105
9464
2339
3370
849
8726
604
6416
7090
3634
7956
8108
4903
9328
4551
8193
9524
9214
3101
4511
9013
7054
8496
9253
2187
6802
4773
8592
7124
4646
1465
1506
5334
3239
3657
6062
5431
1250
5774
5840
2764
6647
3107
874
4973
1115
4004
2408
4401
8845
8837
3605
3595
5312
716
3670
4144
695
9500
4405
7059
592
7759
6520
5247
2439
7759
735
3201
1675
8465
61
5168
4205
4254
1438
6618
3668
3695
6055
1164
718
5717
4826
125
7953
163
6264
5591
464
216
8545
2740
2921
5692
5960
4849
3451
9703
4226
6513
2036
8297
925
7761
8377
1273
1740
7635
8159
1757
592
5673
661
6594
4611
8688
4709
7241
270
3239
992
2030
635
8410
86
1798
2132
3039
2263
8869
6074
6732
1379
8474
7250
9027
2253
6599
58
4508
7647
4688
857
4813
5703
3983
8980
9720
4191
1154
9644
4801
859
6818
2053
4891
6603
6592
3010
3422
2319
3262
108
3238
362
168
4706
3851
9632
6141
8633
6057
1577
7838
7268
3932
727
6529
6928
3225
7140
7122
6902
5003
3829
4999
4116
2201
2971
1183
4661
5953
5304
9062
7115
947
5774
2551
719
476
243
1903
4208
1374
5505
698
9351
4440
9786
4460
1227
3895
9288
7582
7856
2665
3410
6290
7915
6313
9723
2181
3200
9532
4917
81
2748
1255
4627
1500
2607
1227
732
848
49
7262
8698
3432
5221
5031
4018
3027
3610
438
1327
2712
2110
7742
6519
3959
8846
95
7679
9832
9849
1956
6154
4354
979
7030
3565
8409
8724
5979
7534
7237
2768
4431
7914
9164
2258
2237
9765
1291
5473
3642
2268
6838
3157
4862
2919
7929
6450
6623
6107
6330
7395
6348
6764
5102
5618
84
7039
7684
132
3985
2797
2962
3474
2500
803
1146
5633
8125
5046
776
5795
4054
6133
7803
6119
2478
4839
5165
571
8445
3315
6289
9762
6713
2446
3416
6448
932
6206
7168
2705
3855
3149
7834
5338
2688
4682
1094
2616
8283
9882
3933
4453
2048
8380
2091
5097
3793
2233
663
5788
1101
1626
2112
3801
910
4100
726
7055
3612
9294
5233
7745
8252
3267
3282
221
2024
339
9701
4602
7068
2276
719
986
9258
5798
3050
8975
9659
3635
3018
8394
8003
1957
571
670
9103
7058
1225
6339
3854
9987
6476
3159
2265
2290
1406
5231
9009
6609
202
8699
6531
744
4034
6999
7946
6950
1213
8717
7969
7369
9659
5288
2275
4664
7815
5780
9633
605
6792
1729
7727
1872
1235
2199
5564
6927
9329
6579
669
5530
7641
559
8277
9802
9625
8479
4434
9729
2182
4071
294
8221
1246
955
5489
6343
9350
1855
7656
9352
4565
5245
4452
4426
4540
5476
7289
1868
7968
3373
3905
2720
6726
2297
757
7407
4041
2695
8583
2172
5803
6226
3263
7189
1142
7174
7824
9253
7518
7987
9318
7735
7013
7498
751
7894
5482
7828
115
7839
5151
7762
8097
8472
4437
8959
7607
7242
3270
418
1117
8617
1951
4464
1775
6804
4056
1758
6070
3992
4753
5316
5185
6367
2907
6429
9253
6997
4945
5754
5438
1547
8689
5014
8481
9349
7578
1700
3312
4719
5907
4613
3208
9132
8422
2422
475
9406
6232
3671
6693
1954
821
6950
5421
2322
9836
5865
8426
8830
4581
5114
303
5845
155
892
7140
7917
9674
9772
851
7826
1477
4452
9452
8747
7460
105
4485
5592
9145
6227
5810
9415
4893
5453
7053
4118
9388
1394
338
1587
3450
3048
857
1104
1184
9913
992
3794
9159
4507
197
9928
5168
7554
2157
8184
6957
3739
2868
3845
2176
8569
8817
8573
4302
4445
2997
8735
351
6190
1584
8298
6724
4744
5920
8432
741
7120
3992
137
5031
6693
681
1876
3127
3907
6319
2648
6646
1394
6746
1161
8784
6971
8678
1014
1786
1546
330
4271
4456
2254
2170
1397
6520
7950
6009
5993
2894
870
7023
630
2973
543
6099
5258
527
7196
8613
1983
33
896
4747
8505
3422
3485
5765
2872
2119
7192
447
4652
6619
1625
5667
3240
3977
9758
8008
1760
6495
5486
7547
2588
8941
5515
6264
9423
2076
9569
725
9825
2020
3643
5003
87
5598
900
8114
517
55
2907
6584
2666
3134
4880
9214
1929
7115
6540
7056
184
907
3037
4222
7185
2156
5678
6827
9638
7057
6517
4929
5201
6034
5173
8927
7353
4676
2196
3233
3345
3888
167
6874
8699
9763
5018
3857
6842
4402
6028
2325
3541
8103
518
4941
9303
9452
5164
2849
9155
5875
6140
9295
5572
495
692
603
1379
2771
7264
8566
1698
3973
7649
7465
7813
8735
4041
9182
9360
9634
6322
6363
3547
5398
622
7948
9923
3379
1977
637
4042
6661
2171
801
7982
208
3834
7137
7271
7440
477
8916
8218
5226
11
9415
3451
7525
6801
8426
4239
639
1634
87
7647
9022
6152
3663
7320
5299
1545
1443
3808
684
4086
1596
8003
6135
3901
6391
9691
6110
110
8881
5294
4340
4250
8362
1249
1002
9319
4233
763
3886
9296
1469
5572
9392
4377
1482
2556
610
8753
3432
2216
6748
32
4116
2071
7402
1872
6609
4962
306
4968
6831
7698
2037
6514
6070
5836
7122
7182
5695
3607
3857
5520
8799
4222
2515
8677
7153
9313
9651
4051
2927
3638
2761
9678
1101
573
859
6646
9778
529
4320
30
2963
8602
5459
4856
1230
4207
704
1947
9696
2536
8206
534
9539
1874
4969
5535
2552
7900
2619
9124
9213
7023
6166
3395
3659
554
48
1013
5006
5723
5564
9429
7954
8089
9233
2318
3910
1966
4281
2210
4608
3698
7800
7879
9277
8003
3255
7067
2259
9137
5708
5689
9557
1749
3432
6900
9634
4578
8076
8784
5754
4340
2889
4800
9454
452
3027
9609
1955
733
8785
9030
5331
7865
7955
1317
736
6085
3904
654
5365
6052
5724
9252
619
4750
4754
3988
9077
4873
5427
1531
5193
4880
3067
9076
8124
8575
3197
5406
8328
4769
2379
3323
8108
5809
4564
9557
1952
2012
7129
8700
2196
9928
2269
3307
7252
1278
9577
8376
5562
7970
3450
265
4480
6243
4296
5652
9744
9806
7395
3535
4058
4301
9948
7607
9393
6029
7757
1292
9090
893
9350
9144
6258
5234
1237
9424
7684
6936
161
6467
8115
9218
67
4832
8338
4738
2322
2181
7806
6213
1386
1442
5772
1589
2487
5115
9892
1378
468
3452
6665
4059
5610
3271
7588
3238
2103
9545
1629
5247
7726
4506
6422
621
4820
2835
3427
192
1022
6090
1241
8087
580
2697
6946
46
3634
2461
3611
7220
1819
1674
5930
1754
4650
5340
2959
7336
1111
5112
9253
9194
4755
9489
7461
1127
4240
7094
7800
5138
1823
6360
871
2777
263
6330
6577
1755
5151
5889
5720
4839
9064
9387
8904
495
5498
3036
4901
6251
4746
2051
3056
986
3652
811
7173
7668
9387
1821
1252
8635
2170
9987
7211
5007
8646
3847
8732
4144
7666
7546
1776
8142
3406
4641
2456
7053
9550
9738
2059
6933
4370
2588
8033
4869
6023
5676
42
5815
8185
7324
9468
1279
4723
2814
7128
6989
1317
3078
1416
5186
3200
5357
7527
1150
9778
1794
3308
9000
1465
3147
6597
5448
3045
7385
7212
46
4654
5241
56
7541
4510
4247
3651
9442
2765
3165
5507
2726
1352
7818
9016
8691
109
1021
9249
5948
630
1056
4171
2692
9071
9250
1047
2168
2694
6397
5718
6633
4366
6278
6755
1426
4783
9170
9358
6104
4589
4437
9281
2239
1635
5238
1360
9897
9005
7967
4674
9657
1791
4657
9846
5110
5862
6420
3156
235
8728
9227
1026
3499
3674
6406
2783
3490
7662
7857
5407
6454
6791
1434
5652
7148
5547
992
4469
1143
7443
7559
7966
8364
1394
9927
7987
433
9664
2020
5714
5732
5154
2201
3508
6423
3559
2958
992
9656
8545
8104
9293
7247
2894
7423
2689
8881
2691
187
6154
5138
8164
5127
7176
2503
1810
2776
1846
6825
8497
1847
6003
198
6181
7754
2353
9089
9753
6353
6698
7898
4459
4699
6185
5528
71
4937
4924
2018
2047
7818
1556
7373
7300
2502
8582
9455
4659
9719
242
7955
6255
9505
4957
6614
4678
5138
3533
3454
2131
5219
432
122
1872
9519
4569
9347
4710
123
1449
2834
3683
8851
6102
1660
2230
6710
2426
5720
6121
3127
3179
8370
971
1189
4050
6903
778
4260
7738
240
7626
4266
8552
7516
3140
7382
9937
2310
9726
7066
4428
4870
9907
9513
8532
5635
7647
6939
9194
9814
1672
5982
214
9018
7516
1351
951
7375
6372
2726
2127
9629
6594
9431
9748
9158
9516
3269
8756
7413
6260
3897
7272
6050
259
6352
5811
3031
2338
5098
4712
9469
9237
7007
2582
1215
5572
8364
8449
272
2599
7771
6621
6793
6350
7425
2249
5962
9962
9072
3334
4706
5228
1581
7955
3770
2423
2044
6343
1451
2164
4503
5657
4016
3651
8142
2671
8054
8392
3768
6594
9615
3098
1399
6730
1142
6403
8074
8683
2366
308
1707
8588
8259
7849
4617
9151
3297
6036
5313
2370
4083
2937
2165
2946
2836
1429
3214
9014
5074
7788
5166
15
5856
4830
542
4570
5834
725
4838
7038
9827
6317
1579
8889
1531
1440
6050
9874
1437
525
7603
7850
9748
8548
6505
6597
8173
2129
9893
3214
4855
6243
4466
7500
9415
5624
2996
2751
8408
7255
5178
8470
8880
6153
9698
9649
158
4180
5339
6766
4448
5030
1974
6451
401
3595
7846
7414
366
2842
8374
8748
8041
674
3417
3100
8439
5645
1085
4720
1557
1742
9209
2023
6648
5948
7990
7913
3153
3387
8905
9465
9343
8707
5230
1504
8862
3007
6912
8379
9213
6581
5925
8995
2877
5197
4615
453
6390
7327
3117
526
2324
6925
8216
1733
4798
5578
1769
1333
9751
1815
4224
4805
381
3112
4031
8661
4943
4423
7997
1095
8684
9204
4646
5256
8470
8247
9679
3082
7494
3844
1496
3775
3321
1594
4155
6996
6487
2136
5408
9927
8324
2876
7539
9687
832
4842
5997
5095
3561
7557
1070
6414
5072
3885
4141
2238
2921
4117
5606
8046
9195
6975
1330
9415
6840
9447
6309
2487
6567
905
9360
9749
4461
3071
6198
5363
6154
2267
1276
3289
6655
6190
6682
3763
8493
6818
3758
4473
584
4378
7471
983
9899
2564
3119
6216
8277
1480
698
2420
9842
2144
4827
275
292
1444
6238
8749
7984
6993
4512
8543
3573
9173
8034
1948
8630
5065
2445
78
1497
5483
4719
8951
1816
792
9459
6585
3397
3714
4879
5165
5291
3619
7095
8164
3935
7199
9183
4088
1429
4815
4445
9310
4319
3919
7613
3243
6673
1045
3710
9216
1823
2604
1098
2915
4519
1325
2178
1995
315
2905
4552
3976
5639
5286
7446
9468
6402
9747
6924
9882
1151
5049
8631
1242
3026
5264
5581
6133
7840
1051
3605
8019
6335
5185
7234
8975
4540
6121
6321
2932
8972
8545
7448
9143
6538
3371
4558
1728
9695
8805
2042
1702
6416
1251
7555
421
7937
9643
7318
2287
9159
1229
9222
860
2044
5901
6862
5583
7563
6974
1730
8104
7211
8253
8900
2479
5560
7431
962
6275
3196
8680
8092
6495
4813
6657
1027
3958
9857
5461
1661
4059
4188
9472
8453
3487
4682
6869
4864
7623
8424
4370
2426
41
3276
7698
4815
532
4581
7871
4389
1498
284
9905
1686
8315
3178
7240
3164
8814
7108
6066
2997
4350
1218
185
3910
991
7277
1964
7900
2011
870
2968
1822
1742
5987
7555
4445
9306
84
6310
5005
2536
9732
2356
9134
2828
3531
5146
1539
5299
9776
3509
4883
636
188
5899
9870
3808
5226
855
6983
9215
794
1093
9248
7928
388
8517
564
3941
1322
3711
8589
6529
8151
3828
8389
7719
691
5981
3834
6088
9640
8435
1163
1352
6735
9066
671
4902
3459
218
2629
8999
1800
8619
5157
8173
8244
8060
7669
2729
6523
6896
7369
2538
7209
9287
8402
9168
9623
6468
1510
9906
8449
4528
6848
3752
3183
570
1326
6054
1871
7481
4537
326
2483
9808
5746
177
7782
1484
7479
2441
6010
9037
6676
7830
4734
2734
119
7051
683
6083
972
2500
4589
4495
9079
6815
8431
4079
1215
8724
8367
9863
455
4546
8753
6422
841
7607
9103
5656
4460
2459
1485
4072
1268
8842
6810
6240
3000
2444
947
703
2558
2275
6338
1429
7155
4688
196
8750
2823
6035
2889
2424
7556
2733
4212
259
1216
7155
721
5269
3928
5745
1398
6999
8284
8633
5650
8751
8730
2087
6275
346
1762
9698
8916
5478
1576
5313
2627
2361
5448
7447
7168
5058
292
5372
7473
1370
921
9338
5298
8966
4784
8625
7898
7948
1632
8887
2105
3952
9488
7856
2158
9882
3546
4885
5413
4005
5803
5796
5325
1990
2072
2660
9224
7415
4538
9028
5643
6767
8234
2031
7573
8112
9399
3757
6221
8493
9492
4761
9364
614
3423
1434
2473
5457
3484
7201
4235
6119
8912
6622
2217
8632
8361
2927
2534
3852
7147
6167
1096
7399
5141
2342
2303
8007
7202
6378
6595
7405
8652
8050
6822
7398
1035
6699
2552
2261
4826
1145
4057
2575
2730
9092
58
1251
2256
6876
60
6308
26
4682
6298
6548
8272
9460
5219
2814
9061
3869
2239
8384
76
9431
5955
2980
2407
9061
1103
7065
8618
8850
8948
7347
8110
2408
5027
6539
6642
5630
8369
3428
7868
7041
8278
9340
125
301
6949
106
8067
3048
7046
6427
488
3611
3663
5091
2647
3470
8209
9266
1631
1695
7358
7140
143
3999
9785
6341
6929
2441
9302
6800
1220
3599
4672
5298
9986
3427
4297
8175
4768
5391
5836
6288
5188
7202
9502
8536
7232
1256
9475
9538
3692
2868
4925
3657
754
2189
2256
3491
6451
6210
9041
1675
4151
2842
476
6729
5954
9420
20
385
6098
6328
4293
3925
7700
449
7557
4823
5558
6456
8009
6046
2839
1878
3845
1908
4827
5877
4059
2619
3115
332
8373
8330
9145
245
1789
3688
4896
460
1849
4867
1450
9622
2292
7452
780
8843
7735
899
8988
7330
1735
9211
9859
5544
2408
7626
6285
5501
9600
3824
1036
5435
342
8849
6460
5139
3784
2992
1762
7174
1644
6793
5166
1501
8798
5547
4128
4133
761
8433
8871
7482
1249
4844
4307
4463
3948
5327
6892
9240
9521
3206
6268
5812
1816
83
6263
7018
9441
7478
8443
2942
1217
5049
8050
2448
6503
5365
2644
6162
2589
6789
2698
4756
1114
5029
6269
2302
8516
7222
7837
1449
8339
8161
206
2186
5136
4613
1564
7004
8860
7423
2255
57
2877
5125
7049
7797
739
8031
4092
327
2521
8434
4826
2564
4535
74
1348
7050
9509
1028
2019
1750
1033
1157
8853
2898
1921
8954
1231
1726
157
4078
1954
6858
4627
65
3976
7054
9078
8923
2717
2343
8033
9805
7098
750
7692
4559
6124
8613
6673
380
8307
929
169
5703
8007
6015
4256
6936
8277
4933
2823
7142
7015
4150
1160
7635
3330
9200
5203
127
505
2278
2359
8250
8623
6181
8525
7161
3881
3910
9470
2387
4737
8319
1029
8905
5239
550
5199
3025
7394
4211
5375
6238
5524
576
1262
1885
8220
8479
1583
7805
8053
1305
6097
3484
4508
6527
589
1867
8223
1006
9648
9549
3552
9764
2818
1761
7673
5209
1268
953
473
3693
7353
5367
604
9292
1019
9059
6329
3584
5598
9723
7541
4883
1554
7016
6454
110
6642
4856
7906
5219
4857
4350
4373
580
3284
5906
6688
9775
6130
5814
4895
2807
1833
6790
51
4415
8018
2618
3038
3557
820
1468
3550
8920
6526
5137
5136
1656
1198
8998
4838
5337
1743
1737
9203
3699
5759
7280
178
2121
3438
9689
2759
2772
1474
3424
9101
6876
5816
8822
1887
8978
8917
2820
6930
349
7306
5292
5263
463
6342
6840
8015
723
6293
7106
8270
2805
5974
9903
8082
2590
1819
6169
8165
2794
6025
2407
46
9368
351
4139
5839
4461
3188
2696
3687
3381
7337
8845
8775
8248
2733
2979
1441
8677
15
1231
5820
9710
2238
84
68
6575
893
9336
4495
9404
5122
849
4858
9494
1213
4284
354
6297
1782
5306
6095
8549
6991
4392
3547
103
1417
9513
7984
9844
2562
6098
6862
2257
2683
9105
2844
7298
6616
1643
806
5629
4305
977
4789
4026
3910
9422
1037
6954
9839
8416
4240
9056
2641
2064
9167
9840
5164
7232
9104
2115
3697
4176
9291
4580
1281
684
7726
7610
9537
8966
5409
483
6458
4635
2980
2313
8748
9365
2964
2019
8482
7405
1676
2747
3201
6618
6584
215
1563
2586
8629
7174
1840
7516
5060
7881
7284
5272
3374
220
6843
76
5842
976
1872
1779
265
1478
3557
5748
2826
8458
9221
1429
7737
1385
5029
441
4698
2944
1178
7693
9699
1762
5476
7707
3216
3574
7079
6297
8784
3307
7450
5874
7789
1881
8200
7502
9657
9142
4772
3264
3699
849
8842
8092
6793
5422
2529
67
824
2782
972
5180
2110
1707
4783
129
9153
5181
7711
2307
9560
4556
5346
8571
535
9650
2806
8335
9304
8876
1422
3404
9796
8941
2294
8454
6050
4447
6167
8009
1878
5863
2934
651
7419
2435
3559
5409
6667
5299
4576
4827
922
7874
8680
3468
2163
5967
2174
3561
9658
6572
6661
6318
3025
5762
7133
2311
982
3935
7965
5282
9178
6686
5132
9999
5260
6849
2992
720
9075
9436
7134
1987
1978
289
8047
8665
3062
8292
7363
2162
8180
747
4911
8823
2237
6356
7714
9220
7675
6739
5462
8416
5157
5718
2562
8794
3910
7782
6668
3682
3804
3148
3388
3409
9693
6126
5115
7494
1188
2613
4762
7469
9192
9036
6416
3246
6989
599
6363
864
9156
5470
9383
9048
5341
8356
6780
3010
3822
1480
3921
6922
4427
9703
1439
5320
1285
412
4913
5238
7264
1430
999
1103
3979
8628
2122
2405
7636
2047
9818
8095
9444
3268
7075
3293
5878
9084
5325
7226
9862
4842
7922
9965
2516
8337
3451
5164
3495
1456
2100
333
7278
4891
5038
970
9682
5718
4099
2721
887
992
8068
8501
8897
5466
9646
3812
8212
2403
3579
8630
1251
849
9412
9887
5866
2910
340
3745
2295
9821
88
9041
3027
2567
3491
2195
8431
9718
8030
7125
745
4366
6572
4054
6446
6803
6764
4369
2025
6251
2760
2282
3722
2352
6122
5523
5858
8578
8877
4971
2986
9303
3073
8116
83
8384
7577
2111
696
4729
1375
551
6671
5260
184
2934
7599
1556
561
5192
8028
6793
7656
2986
5725
6748
536
7054
7407
6976
1276
4078
738
9715
8340
6491
8273
9832
4373
8177
5343
2931
9835
5352
7261
1312
3850
2378
8392
8144
722
7308
2655
1920
2257
2075
8754
9016
9698
5364
4405
8477
6371
8047
5172
7076
532
5897
4993
4932
523
5373
9194
7254
2309
7423
2901
684
551
3813
637
299
1634
5793
2614
7190
6997
6335
3467
3880
7949
9480
586
2142
5047
721
9973
7503
7013
6723
217
1592
2943
6647
8011
312
9569
3054
2062
4213
5203
8202
5825
1898
9654
1997
4054
3998
5673
780
878
801
2523
8383
335
853
7260
1192
5591
1207
8028
237
3386
2009
2933
2708
8744
4493
7780
4858
3034
6224
2961
7199
330
112
3377
1026
4402
2075
2209
7333
2989
6326
8563
4540
2234
4151
597
5944
1456
1136
4300
3210
1067
2169
8224
4870
6723
8440
7617
9254
1069
8543
7143
7335
8315
5874
375
5509
7759
4227
2497
62
6606
1980
2390
5461
5247
9896
6791
3189
2338
8895
249
7151
4717
1933
2901
2787
5186
6333
1756
4775
2732
5207
7895
2727
6888
771
588
153
2145
2552
9740
1739
4836
8566
8666
1436
9522
5516
9766
1219
1395
839
8423
9936
5575
4680
4440
1581
2455
8145
7145
1121
363
7532
4262
8929
4373
5031
8068
3267
4891
687
4872
7888
9058
7896
9586
6837
7013
7959
5286
6935
7365
2397
4011
9216
4123
1184
5788
2922
8616
1879
5645
5383
1741
6225
7688
9899
951
5459
9252
5687
7058
9293
471
8514
350
935
1474
6661
9551
7821
7547
7572
3038
4324
5976
244
3149
7640
103
7262
792
2196
8506
4430
8103
9404
9984
8936
4992
9050
5119
184
6937
6612
4349
3668
7723
4182
2607
6624
4834
8658
9256
1661
5984
3536
4754
752
4450
9683
523
139
747
5482
4631
4458
2076
9408
8147
7068
6357
6561
9882
2747
4468
6873
7456
1290
8652
7066
3835
3098
3522
2105
7714
6840
6097
8582
4686
8487
3581
7863
717
5062
6500
496
5493
8590
5473
2816
5397
9195
3626
811
8023
3652
8265
3760
9682
7000
3591
6758
5853
3766
1556
3720
7085
4185
5396
3466
3007
6750
4739
3686
2353
2212
8841
8152
6554
6111
9961
3730
2842
1321
2755
4124
1644
3798
9081
7132
3641
8050
6415
1167
1142
4601
9915
7457
7613
7506
7212
5982
3577
4345
2744
1589
2394
8312
2925
3238
6153
7985
3945
4968
6294
3658
7908
377
6973
6502
6843
3059
9046
4636
9800
1111
6220
2966
6908
7913
1029
8360
3311
760
8112
4475
9615
5128
8270
5973
5716
3518
6422
4007
8548
1463
2892
8467
3714
774
7532
3479
9392
6152
4128
9018
182
5397
3970
7858
5067
4165
6555
480
3904
9644
4857
5353
4732
8276
975
4209
2034
6981
8982
7062
3583
2516
3825
3767
7807
9765
1071
5471
463
8862
474
2001
7645
9530
2620
5585
7995
8535
6609
5453
8307
1245
7463
567
1348
4459
1586
3824
9147
6607
7116
9138
733
5425
377
1913
336
6460
4905
9760
186
379
5719
7220
6209
4508
5758
3271
3585
8724
5132
1347
8620
4191
2254
6696
3035
9889
7466
8564
99
574
1916
9854
3075
1507
4312
1087
9162
3343
1502
8686
2933
6945
8732
3735
934
1263
8989
631
1648
7696
5487
1766
9326
8727
8402
8929
7428
5452
5533
3859
4638
7977
8426
1215
7348
8078
770
9069
2959
8849
9651
2350
1477
3669
6413
894
960
454
7628
5926
7101
9631
2736
2442
3695
6472
7432
1909
6260
4767
3453
4959
6048
7521
8587
5001
3381
2821
778
9925
6372
8070
8571
5012
9293
5051
8397
685
5587
7109
96
6535
8507
6340
7505
836
1506
8534
1043
4250
1742
814
8719
7262
8413
2428
4178
9087
8154
1422
2757
2044
3886
9075
6794
6628
6482
2408
2306
6825
8179
4257
3291
8303
8398
5157
3159
5158
6283
6374
9208
8145
1127
492
2951
4963
2489
9262
5491
2630
5126
284
7287
2727
7759
3835
3989
1601
4776
2718
6206
3220
5812
5869
7315
322
5436
7413
1861
1942
7502
76
2937
6305
9378
3278
552
1202
5656
4969
259
8545
9149
5218
4387
4937
3613
6531
7422
9280
3330
5313
7030
932
3098
4333
3931
6723
6455
8263
8529
199
543
9370
3676
460
7316
2281
6936
9119
3182
2068
7237
9318
5828
8870
543
9926
7370
6462
7851
468
3732
4583
1486
1804
1881
1702
2616
4855
3187
8993
29
1421
5138
3015
1012
2471
576
1279
5817
4399
5327
3232
2749
5510
8095
8698
941
3650
4444
8336
4640
7699
260
1331
3177
5184
9445
5596
6701
2226
2389
7013
1326
3468
4395
7268
7014
9845
8635
5925
5136
9797
6832
3907
4719
6792
6417
6403
514
1761
1221
9870
8287
6926
3939
7448
204
2132
5427
1457
2510
8887
4288
8344
520
6648
2319
839
9829
4796
3704
8223
9216
900
7523
4321
4128
3774
1759
9669
7490
6760
7723
5947
4206
4748
8215
8428
8156
956
9125
2300
1423
3307
3625
494
15
6390
1776
4467
4725
3933
2396
3409
9679
6834
1789
461
8547
3309
6636
7236
4800
9001
3633
7259
4720
6223
9236
9057
4522
1181
5392
3854
7509
722
6180
1467
8214
9992
4739
6973
6282
7983
6443
2687
5295
4770
4578
3515
396
7305
9741
8996
9538
1754
5498
9155
2314
5388
6109
8845
7437
2361
3752
3565
8211
5103
724
6467
4771
1732
5676
2296
5321
6724
9704
6733
2357
1273
5319
3807
800
2293
6085
6713
8378
4702
9884
503
9343
2854
4711
3330
6904
7814
6914
5932
6957
4551
9981
3434
6360
7453
8975
7465
5092
1937
8823
2222
3989
1097
8494
5775
8290
8870
8009
1527
6461
1369
1466
874
3459
6914
645
2421
6702
8599
7104
3456
2343
8414
1604
868
5881
3991
3169
739
450
3001
2061
888
9154
8231
125
7564
4870
5535
9692
2082
606
527
9784
1392
4090
5380
3868
4618
6900
6064
7336
3116
3958
4183
2749
8004
5020
9847
3780
5274
5332
2385
1646
9022
1426
744
6566
732
6928
5109
9955
6861
6675
9765
9050
6605
984
6463
7056
21
8797
54
8476
1973
61
711
7371
112
4819
6095
2973
5539
9584
829
3485
323
9335
6111
4494
1858
4453
5548
449
8782
5038
205
5795
5558
8402
7561
2931
7466
2495
3915
9618
3838
2032
1202
9826
2490
8547
1381
5937
1137
5977
3488
399
9196
3654
4944
3338
6019
5912
631
5531
3991
9252
685
7689
1055
8539
7667
7100
4093
412
2469
8716
2363
7028
7931
6600
3239
2704
7964
2306
2569
3731
7664
3527
1037
5443
2239
4300
8530
5213
5051
3189
8590
1897
1320
7487
7307
728
4996
9837
5393
4249
294
2880
8721
8220
8631
4462
8252
3966
5495
7029
3326
5075
4878
3738
6618
9265
8225
9002
8675
8792
5724
3057
3893
5504
994
41
1182
7036
2686
1626
2156
2618
2164
8112
2179
5132
5418
283
2395
4144
1388
3567
7700
3707
3857
6619
9816
4213
9304
1319
1579
6542
7502
902
6913
5119
2479
6075
7244
939
7141
6712
7072
2931
3794
1282
3382
1560
8215
2800
1977
8508
9727
2882
9392
8066
9611
9231
3080
4004
6714
5878
5710
2994
4164
8422
3158
7832
7827
4681
2874
633
6095
3099
1891
4903
3797
7080
5117
885
8835
1460
9626
5636
7714
1124
1238
265
592
9625
2609
3807
4585
7997
1358
4105
9346
6694
7224
3008
4098
9751
4348
7178
3070
8806
2343
2780
6895
2744
8492
3430
3201
6264
6114
8876
7019
3095
7752
6070
3974
4478
1254
3453
3707
6751
7330
2405
1806
2361
4891
9482
7601
7833
4885
4579
6982
9981
8209
2004
3749
341
5656
6751
4230
4819
1765
282
3596
8065
6780
5132
3327
3953
3835
6544
1988
9359
8731
8828
2378
1923
3826
7100
5635
9107
1769
7399
6253
1622
6565
4612
9340
8707
4404
9733
3798
5671
214
6960
8763
5013
8550
4143
4559
2919
9379
1230
7094
2355
8383
8177
9866
4185
2275
2520
5932
6953
3677
7611
6421
4738
2055
7999
1607
1189
8261
6907
7125
3560
939
3556
507
6566
8425
7427
1548
3988
5636
2553
6614
9598
1089
3161
3220
6335
8113
2883
7248
8880
724
2625
2962
6135
5755
9018
2298
6561
1278
1173
3542
3547
2246
4568
1584
1434
7065
2333
6248
4075
6048
789
393
4244
8006
8551
8042
4536
7647
2113
4819
634
9186
671
1386
2745
1061
6730
3481
7626
8308
7559
8862
3524
4925
9840
3263
7412
8747
3824
8631
1024
9004
6088
4978
9448
4689
4591
1152
2617
8562
4950
2506
7900
8124
7481
2527
7755
5465
481
6264
9348
6345
3622
8464
7366
8114
7314
5850
999
7218
2113
158
4696
7660
7204
8356
1264
9239
7013
5964
9045
8831
6325
3447
1306
8789
7489
8645
9410
4762
7715
8012
5619
6756
5477
6705
5525
4890
6240
9463
8537
9586
9490
9777
3527
1220
8302
5989
8255
603
1838
368
9169
1656
8595
5520
1721
6882
8109
5793
7954
1390
4150
1640
11
9510
9400
3397
38
7498
7535
2393
4893
5984
5609
7108
960
5848
9034
8889
729
3201
9357
9088
2097
9090
4932
3544
619
294
7824
5911
9021
1543
2044
3407
3408
6549
3780
7424
8605
4868
7427
9844
1783
9151
4665
1802
6535
2444
8092
2050
8578
8062
8438
6786
4727
9921
9628
9939
5333
5238
8990
8971
3162
9131
9898
6567
2918
4325
5691
9317
9565
3436
3648
7436
4587
1428
7511
3736
9553
4996
983
1414
9422
2293
2717
3736
3130
7993
4686
6597
9372
7733
1756
2960
8283
268
3764
3379
8481
2761
8643
4617
5947
3080
1273
1429
1501
978
6486
1138
9154
7684
6689
6455
6433
6699
7111
4966
8364
6558
3200
3442
3970
4423
6333
267
1876
6623
3758
3928
9941
2581
9536
4303
5818
8107
291
195
3072
4350
5178
7787
9805
1487
1244
3323
111
5379
1751
8449
3169
483
3604
9151
1068
2529
9221
6496
634
2696
6651
9656
8166
9870
5972
3308
6303
5129
9986
4171
4890
2859
9143
8152
3079
7915
6684
3477
5964
5361
1521
8509
526
1662
6255
318
9407
7110
4009
146
2673
9371
9200
1001
4744
5351
5365
8932
5661
7877
458
4224
6190
4493
9666
9708
6723
8458
5031
2873
7212
1866
3146
1806
247
9569
3460
2789
4621
5706
9771
2150
3372
5052
7425
685
6671
2788
9927
6266
3625
8901
7566
5925
9728
7625
3070
2380
8262
8466
2095
5835
6916
4417
1525
4199
6623
7730
1017
5079
828
6770
6881
1551
8543
1999
5810
7338
1503
4810
5340
3
6150
8203
1108
4944
7573
2258
6719
1516
9412
517
3753
2048
2422
6827
9030
3709
8570
9923
9552
1256
6079
2642
1231
3874
1087
3207
694
3139
9260
4205
6010
1363
4777
3228
8302
5509
5583
6604
8681
4208
9615
4664
5561
6603
3831
2619
401
9764
7182
2297
4670
9564
2953
8076
6807
8339
7680
9770
7923
5308
9259
4399
7892
2349
2293
2269
4289
2822
7203
5788
9617
1163
4990
6671
7667
9391
4779
5141
603
8671
1308
6041
8663
7672
8560
3447
3039
1414
21
9722
347
7978
7470
2839
3182
9718
1935
4624
4160
7609
7013
8582
1034
34
8147
7454
9290
1202
5351
7710
2871
5251
9610
9733
4670
1086
6838
6196
490
8270
8691
9261
4995
4383
1514
6118
6237
9794
7611
5946
1057
4608
889
9916
6584
520
3426
4169
8628
4695
4605
8441
3369
3523
3340
3074
3352
8068
9457
4137
8621
7872
5213
9909
910
7425
6995
6258
7828
4884
8476
6815
6870
2257
1203
8725
8096
1186
1248
868
5027
7491
9826
7819
5910
5316
9237
3939
9306
5949
7124
4426
3659
3263
9560
8999
4898
3507
6062
6974
503
7841
9126
3666
6180
1855
7943
9666
3573
9684
9633
3250
108
1896
8091
2839
704
4282
3162
4110
4453
2189
6787
601
7720
6304
9383
3399
8881
7321
5549
959
6874
1869
2254
249
7263
3326
154
9369
875
1042
1192
1353
5874
9579
906
2002
8590
2425
1135
4678
8480
8472
5601
845
3448
2327
9279
4665
1520
2615
6406
6344
9010
1051
8808
615
5642
5874
2478
7374
6199
3135
2825
3627
8938
993
7524
2286
3745
8388
7462
126
8126
2499
9028
5239
3423
871
2723
2977
3203
8625
811
8766
8050
4496
615
2511
6347
768
8376
7123
7163
1983
5353
1534
5385
3389
2270
4402
2015
4607
8390
2092
690
9040
4751
6829
4402
8229
3096
1555
2589
475
2466
7892
1279
256
8623
5959
2356
4426
9261
3423
9885
1400
444
9300
1745
1827
538
3535
1243
1632
2961
4498
9233
1397
1542
6403
7140
5253
2786
7971
4771
8074
5517
6974
1179
5438
5494
6001
9178
4582
2319
4531
1601
8940
6533
8658
262
4999
3278
2971
41
489
4811
262
6447
4949
1373
4587
7274
5899
3268
661
42
1681
4770
6865
1132
815
9213
9570
896
1207
5892
6133
1737
3504
9337
5100
4862
8766
268
4970
333
3983
1993
1130
3871
2868
8232
9564
1095
3866
1506
316
8739
9620
7235
2928
8501
4327
2955
1119
6940
6993
830
9945
9483
2759
5003
2886
8571
8026
6346
2751
1036
629
9615
4499
1671
7574
8299
3847
8607
2678
4369
6606
4133
1719
1446
7488
9771
6249
3121
1546
3152
7064
483
7026
6154
4102
4208
3204
8946
2657
9131
686
105
1984
6992
789
921
9759
6954
1282
6070
213
3269
6125
2195
7726
8925
1396
5904
8794
6470
8472
7105
9185
3701
1012
5002
2737
7947
3914
6023
5557
3474
5468
7720
9908
1952
372
5642
7748
7961
2161
416
8553
6689
2846
8464
3085
3422
3024
1514
7373
2588
2637
4067
8606
3898
2531
4880
1403
7921
6092
8014
3692
5397
5612
542
52
8836
5652
5453
2663
3132
3143
4786
3574
8345
8165
8289
761
6892
4617
2365
5352
1927
5644
3689
5301
1124
837
8639
2761
5094
2974
602
2186
9223
3699
9806
8805
8240
937
6216
7454
1463
3416
9839
5522
3362
4135
378
5829
8651
7699
5051
4108
3660
1947
8169
1241
1017
1083
4443
5183
4476
2179
3984
7889
7852
6948
2380
107
3159
5574
3053
6316
8750
248
1468
2831
3600
4662
8446
1524
9518
1504
3002
4832
9086
3117
7477
62
8651
2475
9113
256
922
4801
4324
2230
8935
4179
8365
313
4990
2177
5953
7973
9381
5373
635
3297
6534
5302
4163
7244
4539
1286
189
2790
9458
949
5250
8664
6560
9352
4380
177
7490
2362
2138
9070
6894
6517
3411
9284
6872
4460
7752
301
9552
3336
2450
382
2345
4541
8315
7873
3397
457
3048
1571
2060
1912
2564
9179
5771
5031
3416
8614
8472
9699
502
9947
836
8253
1236
4928
8778
4765
6454
5161
1716
6351
2773
8615
3612
7438
571
5189
8592
8268
9040
7098
9759
1243
606
7724
7360
8459
6497
5922
4993
8416
3835
9875
5613
6735
8276
9504
8999
2950
1822
9035
451
5445
9462
2387
4164
9821
38
8717
1184
7555
5432
3377
703
400
6645
6910
4450
7272
8828
7962
6081
37
9214
521
9725
4304
9221
3849
4548
4972
5365
6713
7810
5535
3051
3700
2420
3901
5490
5950
8073
7074
4
9897
7841
9452
2541
3380
2711
3795
1276
8321
6091
1366
6499
2866
8120
4788
237
1599
1732
4723
4591
9830
4550
5856
7463
2623
1057
9028
3553
7419
4959
3087
1161
1593
8457
4707
4794
8292
482
1904
5717
8605
3012
7783
9101
3856
3602
4621
4127
389
8348
3663
5248
214
5425
1485
7454
1048
1167
1972
9400
9384
709
5531
6314
5987
2842
5865
2544
2689
2935
7649
5307
7663
4879
6172
1810
5113
5151
1362
4688
3056
5919
4660
7707
8221
6728
4936
6101
82
7329
594
8923
1369
5906
1564
8731
2892
969
994
1570
4064
3850
2764
3955
9838
8016
2825
1012
1983
6483
3172
9619
404
1922
6326
9702
3039
1536
6024
8063
8178
1771
690
9758
4018
1591
4629
3600
2119
4777
5746
4614
8755
3439
7205
4112
2012
4333
7457
6568
1128
2466
2057
5324
3028
2873
1560
5779
7041
7195
846
2080
9115
258
1624
2164
855
441
8187
3502
3865
1167
2156
3917
8240
3658
3759
4023
6158
439
4090
674
4679
4960
3477
6495
3765
2807
7536
4054
6822
5935
1873
5469
7075
3417
2440
7682
8605
156
7681
6616
1574
8718
2502
2798
2073
4159
8046
5866
9752
2997
6022
7301
8464
3681
1594
8656
2843
864
2593
8869
2625
3246
5266
680
2508
3574
6758
348
7767
8068
6220
818
6529
1595
2866
6860
5796
3970
2343
1599
3437
2360
6987
2407
455
4729
3615
1716
7433
8857
4574
9667
5528
7502
5655
215
1578
3242
1798
4870
8105
6341
382
9568
5055
4345
7174
6810
9012
9095
7629
9689
9394
2455
9915
8362
8689
3196
3397
5662
8244
5110
8780
9555
7470
8289
3683
5358
4386
9131
4300
1011
8039
7443
6094
8151
1908
9421
2692
2813
3021
7858
6629
8605
4122
6116
7291
2675
352
734
2274
4563
9695
170
1952
5498
5400
5981
5467
8799
2296
5229
7051
3049
7061
2914
2734
6426
8035
4650
8833
4089
7684
6631
3314
2142
4762
3139
5599
7414
9402
8148
4682
2582
1727
1498
1276
7243
152
9076
8482
144
9584
323
4073
1786
9479
6999
5554
7214
8305
8837
6481
8162
8779
5066
696
560
1590
8265
5819
4678
2642
2816
5584
1131
3304
25
4965
5180
7556
7372
301
6116
413
5554
4520
4475
1058
7092
7278
4021
7122
9202
5080
8187
1896
895
2252
2743
2162
1865
6259
4536
4332
5863
3400
5334
7550
9340
7727
5167
5214
5608
6463
5664
2963
1933
9021
4463
3336
126
1527
6165
1305
3300
2138
8041
334
3290
817
3096
9057
3400
9547
7376
204
7678
4983
7851
7764
6742
3342
3113
5164
2940
4844
5047
1592
8713
1901
6044
3679
5642
5553
4177
43
5487
8731
9952
4257
8496
9356
3237
87
2042
7494
6706
9879
8583
5968
2143
1295
5980
4021
7470
1265
6539
6457
6061
7902
2665
3130
9972
2058
6682
6558
9902
8332
1512
943
148
6437
4963
6240
197
1162
1826
938
5554
9759
823
3175
389
3474
3745
1210
2418
6114
3723
8969
2486
4442
2802
3465
4188
8029
6436
9092
4046
9375
1299
9193
9497
3838
9816
2657
6697
9036
9509
9337
9667
6090
8147
6033
9778
3058
8666
2480
8024
9985
1855
9617
3190
5551
3175
5662
4264
9981
6346
6151
5847
4121
1619
3503
5938
7681
9412
5348
7943
4706
1542
1705
666
9307
3181
4641
872
2195
3242
3386
1094
4708
7723
6116
6290
706
3005
8877
9051
4572
9969
5818
3709
9758
8845
7459
5556
2864
281
1340
2258
9519
3625
3644
4235
2326
5243
2268
3405
3433
38
1774
9342
5101
5507
7910
1725
1495
9479
5497
3355
208
1950
1617
1602
753
8884
2843
2611
1409
1468
4622
3758
3816
2212
3015
1786
943
3919
2597
5909
5719
818
7166
853
2514
7995
7308
2188
2849
7754
7512
9450
3531
5444
1105
1980
9799
4364
9177
2931
5255
9010
93
4288
1809
3992
3470
2698
58
6863
3425
8306
6625
1825
3295
2270
518
6263
3529
5170
9669
106
7197
7389
6179
1014
4653
7966
4948
9947
1234
1543
1190
3693
5805
7386
1693
9100
1205
4625
6476
6062
3090
7402
9917
8231
8677
6862
4589
7194
5954
1603
8775
394
5451
2391
6443
6810
8698
8541
5707
6770
6058
4612
7026
963
6259
6115
5777
7009
5936
7889
5768
3727
6191
9792
9213
5801
6548
3082
7467
410
970
6435
9770
8622
3511
8318
3079
1842
1067
3820
8977
1384
6053
5742
2608
4918
7506
3724
3009
5086
9683
1599
3009
1256
137
2392
774
5243
2848
291
9445
3851
9093
7686
1235
812
6086
1748
4844
7972
5364
1567
5833
3679
775
6457
2066
4588
607
8315
8816
4420
594
2222
7453
9563
7479
263
5083
2016
2749
5936
6222
8895
2856
4737
2182
725
5034
1326
8524
4995
6362
9210
7081
9435
2900
7401
910
3351
4189
211
1939
4666
112
6324
5791
5326
2586
9344
2961
7884
6047
8932
6153
2251
8615
8615
1670
7039
824
5008
941
4306
5521
8033
4371
4577
9248
6545
7063
3213
1712
5208
4798
1698
6947
4131
172
5764
4104
2839
7772
1573
2985
8146
9660
2787
9252
1645
4504
2238
9124
7037
9442
2151
1163
3817
907
6740
7870
6230
2273
5185
7837
1486
2868
1440
8029
9968
6566
3921
9188
9808
2159
5756
9761
1567
3434
3371
2437
7205
4144
4245
1522
1067
5423
7797
6766
3173
7718
3145
8308
7212
3696
5334
8551
4970
6522
7465
5460
5279
5315
6137
7843
9296
1823
328
3641
6223
4104
8599
2606
9797
8177
5321
5030
1116
6344
9408
9566
9162
7752
6596
2500
5191
9624
3170
5939
4015
1060
9345
6666
9459
4597
5423
2824
9242
8288
4826
4119
6773
4936
9291
4850
6977
6416
861
4771
1509
8065
380
9038
2602
9061
2376
5219
7994
7150
9592
5764
8770
1909
8299
1492
3281
5266
7977
1400
9171
6949
8905
1789
4855
2816
1932
6181
9835
3313
998
6399
3706
9327
9725
9218
9835
4176
2457
566
1595
9380
1516
511
3509
9778
8315
5334
1070
4957
2890
8214
493
4115
6550
2448
4519
9202
1356
6812
2649
295
3863
749
6574
1956
6438
1966
6305
2909
6828
815
3132
128
7009
5367
4590
159
4438
1780
6283
2619
6758
6230
3166
9326
9160
9732
6538
2308
8256
7994
8238
1607
9893
5520
2742
518
6285
3128
4702
2418
3077
4851
2770
853
6285
3312
7728
8191
1936
7778
4095
9614
2433
5261
9145
6665
5201
4861
2324
1369
61
2579
5326
7237
5907
7437
2854
4984
6085
6801
6232
5153
1335
4486
8096
487
4963
8431
4544
5175
1004
1012
5613
1243
9023
1278
4899
5817
8725
8575
1432
7669
3797
6604
9726
6644
1174
7657
6978
5550
9474
751
1842
6783
183
2124
7228
5754
1303
6695
1137
1258
7631
3326
6264
4839
6980
478
9774
2241
3401
7342
443
3069
2333
73
4817
6873
4194
3190
1902
6829
1240
6405
4816
5775
3320
8200
8104
7075
8541
5788
9575
3550
5532
8371
9477
7333
6196
3440
8960
3447
8352
942
8946
691
9082
3228
1387
6871
3226
9817
3821
535
4764
8920
631
934
1791
8080
3913
372
7545
643
4118
8516
4248
8825
4648
1289
6483
2024
5821
9661
2095
5266
8910
6893
5950
2971
2049
1732
2130
8182
692
4034
3568
1835
1690
728
3327
9671
4579
947
2687
2479
5891
2515
70
3234
8388
3111
5653
3659
8951
9911
6522
16
4694
4318
4351
4762
5141
4897
1711
9617
7015
2656
7865
5571
8509
7864
9949
4144
9785
4067
7219
8149
2161
1197
9611
1620
3838
5123
7151
7548
3076
4266
3444
2554
6428
1770
399
7372
509
9349
8261
7853
3002
6119
4139
8626
9429
6475
8220
2784
8192
7624
5385
7576
3252
3399
1482
1649
4203
6178
5411
976
8311
1354
4018
3142
6742
3413
4932
7717
7341
5938
5719
464
5233
9786
4442
735
2180
8197
337
1532
9949
5158
517
5021
8656
9317
5336
5198
2333
2614
5238
8346
9621
5819
4375
4310
7350
4659
8657
6650
9543
6109
4218
4429
3455
2477
2250
1548
9392
6394
6239
8006
1745
9185
8923
8567
2410
5050
3480
7503
6552
9509
7964
9502
6528
9168
359
6335
3440
2920
8473
366
1169
825
3057
4951
7113
8437
1680
2093
669
7389
9131
5283
2467
302
6927
5194
5093
4138
8911
1160
7938
9442
5401
785
3838
9742
1304
1317
9690
7753
5282
7238
5854
8475
65
1236
4371
9364
1502
950
2941
3490
6617
3687
6789
8352
5717
8539
2389
4523
2401
8125
3709
5329
3154
7126
7203
2296
6555
9708
550
6809
4847
8501
9011
8039
5517
4566
2624
8848
4281
5900
3878
3967
780
3798
2205
8554
1922
6957
7439
4383
8577
338
1390
3478
9961
4178
641
8595
6455
40
3929
9292
6371
7071
6739
6769
1370
2402
7990
9564
2198
7459
7211
5926
9160
6532
221
6050
3288
4149
694
3275
243
6330
8009
2470
1939
1480
670
6803
9709
157
9143
3462
1556
7513
5730
7596
9643
316
743
1932
1511
5309
9233
1387
3042
3749
169
7164
1980
6438
7214
4162
5340
1179
6417
9555
5429
1197
1437
5276
2516
8942
8260
1643
5829
486
7060
9165
9893
1704
5144
9316
193
1089
9099
4260
1102
1084
7191
6378
9202
6388
2412
2377
4848
7847
428
6531
273
4115
6594
6353
8541
8609
9011
1039
2762
5515
3805
2199
2875
3450
2637
5368
9609
4064
2061
9858
1183
6031
4585
4625
9455
8356
642
3716
2386
9044
588
4073
9005
2161
6642
2535
1727
2072
154
3943
3494
1195
7954
8239
4370
1382
9305
5340
8417
6816
3803
8796
9450
6480
5876
9638
8693
3209
4950
5942
9351
7892
5126
6361
9163
8296
8416
3601
8876
3593
2987
2805
6511
9002
1142
3897
5197
3312
6706
485
8767
7460
1354
5428
6594
2500
2060
1132
2122
7688
7900
117
8098
876
4366
9703
4225
1871
2880
5300
2360
854
3434
1999
5128
9949
8334
312
3969
6459
9786
8998
8357
9169
5100
5007
6012
9648
453
5479
5072
3876
6262
6402
9720
5008
3015
5095
7665
5943
6823
1556
6392
7604
8525
6200
7349
3207
4381
2465
1698
7997
5350
2883
8313
3402
3736
1873
8219
4566
5075
7915
2572
3185
4090
644
1756
1860
1206
1006
225
5590
9208
2964
8688
439
726
6404
6826
4749
5415
5704
1715
792
4905
9600
702
9620
3007
5405
1572
235
4041
5052
7411
8820
6811
9757
2259
8524
6367
2111
2068
5359
6023
7737
2179
6147
202
8104
2667
2418
4880
9296
2392
9570
9945
7617
919
9650
1991
4312
8538
6339
380
3166
3239
6272
2077
3553
1088
7324
5606
9069
3677
3239
5192
3527
6581
5084
5053
9670
2236
9386
4396
7198
7062
9565
8776
4170
6890
5705
3171
1382
5442
1042
5264
4086
7246
7706
565
790
7560
3272
8799
4126
5170
4593
3632
5474
955
1334
2179
5732
8081
6618
208
9494
6609
5598
4971
4224
554
3995
4503
1978
3167
3292
4664
6855
8555
9093
822
4222
1678
3923
5021
1653
7174
850
8962
3117
4361
9029
9648
3461
1630
4661
815
6587
2092
5401
8182
9750
3338
239
1768
1369
1462
5716
6666
1460
2673
2870
548
3789
4423
6163
7926
6151
9180
6397
4178
1772
5618
5452
3463
5612
3720
9984
6542
6642
6396
8898
4813
9263
8512
1574
7368
8246
426
752
2072
7523
2614
3471
8148
8553
4455
1610
4331
1542
7578
1046
6164
8309
3867
2881
8541
3904
1
3214
5695
2255
4020
7149
5651
8625
3871
2262
366
6390
2080
6418
6743
4104
6877
2855
9897
532
3744
2734
2707
4408
8579
7058
9869
5850
9175
1927
8550
7122
5070
6644
6440
9429
6377
894
7821
8576
1307
3091
5659
637
5468
8976
4394
3525
8697
3487
8199
946
569
1105
401
6623
7051
3620
4432
4767
3131
785
5493
3351
8771
2564
5133
4841
7806
5113
2751
6110
360
4432
5349
2751
4417
7932
183
9151
8512
7677
4642
5529
612
8248
1576
8289
2134
6832
4161
8826
4762
1524
7216
6932
8388
7349
4016
8239
7224
481
8589
5296
410
3137
5599
5375
3555
7115
5824
9755
3221
8021
1439
1418
8006
8631
4845
7361
7816
6075
3221
1389
1977
7684
1001
2107
8550
5416
919
5706
3194
2604
7690
3003
3332
5787
2845
1170
631
2561
4426
7964
3948
3242
241
4892
962
9714
7012
5924
1237
6009
2463
428
3867
9733
6981
8018
6075
7060
5477
4543
9097
4620
8427
1234
4668
241
8467
3803
2369
9171
4153
8006
1672
2448
8524
3505
6396
1565
289
7756
5009
9549
1859
3468
7461
203
1160
3772
776
7226
2894
4418
4552
1111
9492
7081
7141
3671
790
2239
3108
2418
4433
4701
5823
9372
5236
4350
5497
8812
1847
4302
8208
5403
5765
513
5467
7498
7429
5934
2962
6144
3287
7430
5996
2671
7577
1172
6339
2418
2841
7826
7925
9781
5461
9173
4388
1249
4830
503
989
8643
3195
8287
1382
9415
394
8671
8463
4790
6497
5146
5947
1977
5859
8096
8921
7321
5662
5495
5098
2917
2977
1031
295
735
5658
6626
5227
8756
6909
2639
3579
1141
2017
1266
1991
5062
8581
7593
4312
9475
6384
5989
8105
9786
6774
9411
2914
6105
7510
4310
8159
1749
3024
5443
591
8356
2548
8137
2424
8695
5206
7899
104
6488
1949
3291
4807
332
8522
4724
3080
3124
3606
692
734
5222
8341
8964
1195
7411
3590
790
1060
405
3884
9786
2768
4087
2407
861
3967
3153
411
3102
8967
974
6579
3806
3690
4828
750
8532
4
1183
3223
1354
4656
7362
5410
7479
6473
9131
6850
9450
2958
2698
5816
6128
2831
7630
6983
3202
4340
580
2210
7790
1869
7996
6918
9247
1972
6778
6372
7212
2207
9382
2150
1563
3441
7089
1331
928
8592
8597
2750
662
1793
663
6313
7992
1839
2827
6279
1100
1275
4164
4350
8092
2829
4215
3099
7283
4089
1210
4496
2545
6157
8143
4169
3819
8071
967
5708
6146
8499
5765
2670
5550
1617
2160
8066
6422
2453
7731
4764
8335
7416
4021
2564
4079
796
1633
1302
9516
5005
3569
7142
3686
9699
2876
2785
2702
244
3497
7935
8946
8598
4302
1573
3910
386
6842
8983
4192
1908
6075
3642
6191
3311
3964
6343
5097
4014
5791
3147
1904
69
6131
3467
7185
9541
8498
5669
1961
510
9322
3618
2211
8479
4038
5528
1442
2745
424
7020
6200
2177
1157
6548
9841
4500
1021
6395
4127
4454
693
5725
7154
7939
8227
5122
7747
7782
8085
8824
9230
8824
9231
3928
6490
6079
9423
6059
4727
4088
5310
8694
3298
80
4790
1312
4087
2636
5194
420
132
7528
8087
7746
9302
4892
4677
7151
4291
1067
5737
5981
3731
2629
7179
7846
1387
9773
4894
7186
7271
4212
5873
5240
2436
8356
4066
8784
2183
697
5498
5511
2125
6457
7128
7260
3232
9621
7902
3799
2275
7143
1826
4089
7131
75
2738
5583
4986
3994
8136
9296
8712
8594
2101
2454
6576
4801
9532
9497
4948
2240
9870
9814
7582
4749
1102
1855
5301
3744
2961
5261
1320
4863
8676
4016
4554
5341
8345
4887
5834
6733
5519
2874
3325
1956
5884
7236
4586
8716
378
7519
2018
3797
8668
2584
9867
7671
876
2193
663
242
4386
8405
2629
6998
1458
2758
5108
2622
3731
9346
8495
9623
4632
2836
4394
5007
7565
1463
1720
7305
7247
5653
2454
3197
7447
9838
6359
9259
1765
6244
7372
3008
1350
1267
9120
2033
466
2750
2685
7892
564
2404
7071
