440
3316
7833
3474
3460
7064
1542
9669
1234
6145
4110
9177
896
6722
2609
3339
6014
5619
2756
8582
1674
6766
1558
4382
1613
6099
2507
1433
1135
8344
3268
4058
9461
2273
7759
5018
2043
5351
9130
3413
7036
6680
9187
8111
78
6028
2891
7985
3547
2975
3786
4388
8985
7487
9740
2281
6475
3396
2664
4658
2625
8935
2113
6736
3371
2432
341
122
9275
7168
2259
295
2359
6759
2857
5833
429
9555
5564
9862
3906
6519
4257
3924
6211
7347
6600
4464
7821
3141
6856
1947
3735
8636
2373
833
5293
8341
5982
5927
7352
1060
4931
1152
4728
1873
2756
2333
1139
3212
2917
2927
2376
9262
414
9658
5900
4894
2462
3032
406
3516
3935
1590
5670
3869
1092
2095
1583
9396
4415
963
7862
3754
6288
244
3746
6761
3112
8685
1907
5835
7308
6976
5904
2825
7860
2746
5128
5843
4722
3508
3146
7036
1328
6281
4368
766
4227
1567
5030
6577
6748
6628
8297
8611
3645
5207
9610
8117
6793
3967
993
3906
2291
3500
3935
3949
5304
9672
7692
9254
6953
1642
3054
7896
4753
1063
5547
6242
4277
7685
662
5072
953
4509
1733
6805
4879
684
2387
9511
6378
9766
5537
9911
6801
5896
184
8748
4543
5657
2138
4747
9078
1835
2742
7301
4084
1684
9402
7389
9982
3636
8818
6628
1674
6674
9614
5971
9145
8023
7794
8741
3936
3175
6920
5454
1223
9495
5168
3963
7306
47
295
2455
446
9166
7909
5512
9918
4100
3840
8180
3427
1937
7310
1443
2402
2631
5944
5218
5999
9470
5499
2929
6991
5620
5560
7066
8283
5134
8858
4190
112
9424
3399
9550
7748
4789
2992
5523
7923
6140
7251
4490
6503
4271
1664
3423
8454
7617
3640
9381
6501
4899
9329
4288
7786
3698
6166
8543
8656
8081
4091
1385
7988
5519
2367
7619
5708
1285
5850
8059
7654
4910
5333
2788
6542
307
921
1342
1370
3778
3232
4225
8256
3866
3784
3510
5095
7734
5254
2450
6794
2132
5511
7776
7833
3424
2145
2026
4506
2337
1560
8068
5517
960
172
789
7789
9073
5056
2418
5873
9984
2789
1705
5955
9385
8677
9351
1208
2339
7228
726
4190
4602
9265
9159
6196
6503
4546
488
914
5999
4301
3602
3002
1701
3371
8129
3798
4716
2534
6384
1089
1822
2892
9953
9506
5122
8316
9495
8642
7405
28
8240
3791
6615
8237
657
6681
5241
8935
8912
8745
4048
1998
2424
1906
7121
5078
1709
6495
1305
4082
5629
2428
6575
1063
2382
4145
7033
6112
8425
2969
5688
9339
2611
913
2273
864
6644
9883
9144
8690
2806
1378
475
2702
9244
1176
4760
7072
2940
876
9180
6469
1227
439
2042
4908
5027
1653
7604
6437
4003
896
696
2363
2515
3544
2298
8062
291
6736
9882
1752
9727
770
514
3730
6209
1554
9679
7151
8723
3535
345
7222
8702
2214
320
6461
8549
849
2629
960
6327
7053
3186
2865
8613
1849
215
8330
1745
4250
8290
1662
2702
7595
2458
6189
2010
1026
6392
3110
2437
5902
5539
5575
3324
7052
854
1599
7655
6489
7904
7765
5435
8850
4184
4018
6476
7879
2059
9209
7955
8318
4500
6198
1864
8947
150
4020
2620
1725
4041
2489
8790
4124
1038
8940
6072
9967
3985
2551
4109
1090
7514
5767
8577
4644
6624
6976
9565
5558
3211
6910
8285
8096
4772
5574
3536
7853
1643
5723
6044
3863
6229
156
9499
9070
6448
5626
6310
5105
8212
8168
5404
3263
3911
6507
7967
8903
9037
9153
6907
4395
6875
2173
8947
1907
8486
5648
2939
1422
8797
8837
9516
419
3152
1651
2823
7446
2091
7653
1609
535
8915
2709
9847
5460
2299
3124
9175
7150
5027
919
1642
4409
4270
7132
3482
2028
6559
570
4347
809
1968
7110
3553
6855
286
2482
6767
4106
1044
3344
3335
244
9970
6980
1651
9045
7625
8343
942
8862
1286
1064
8863
1140
121
6636
5443
47
9073
5031
9463
2386
2935
9347
7503
3461
2883
2365
6006
5342
3598
9199
3842
2094
213
1623
7155
4183
9654
8007
4568
3659
6795
3510
6205
6464
2560
3172
7269
9344
9746
9594
4049
4509
4806
2960
5594
978
8100
9880
6128
4308
702
6135
9567
9207
3056
4532
1051
8125
8758
2681
4841
6393
1380
1719
905
8546
4678
2710
403
1795
4197
1049
5613
2783
8275
4608
4486
9666
9155
3959
4434
8386
9144
7580
195
5684
2712
2302
9024
5483
2492
4672
5956
5660
5591
4477
7846
4765
4144
9558
657
8763
1406
9479
175
795
3088
9063
5783
7176
9014
2142
3455
9483
5583
4769
1008
9273
1551
3912
8757
6902
4781
3249
1679
6487
6279
2078
425
4037
9058
8505
4962
9149
6274
9543
1020
293
3041
6234
176
9753
2448
2833
1852
6403
6920
6603
7675
2009
1627
3048
6415
9713
7644
8928
6029
95
664
6588
2404
6447
9039
9602
4988
3485
8883
4703
2071
6961
9964
6285
1959
4249
9381
8100
3564
8271
2215
3997
4216
8762
3551
6289
5953
3344
8238
9472
9025
6200
2590
6157
2590
1325
1740
2134
3217
6975
9591
3890
5829
8212
2035
4803
4222
9692
6745
6827
2580
9074
3647
4203
5290
6446
8591
5351
7551
3191
4919
6853
4849
374
9021
2468
488
1958
1885
4745
3062
9399
1632
3012
8761
7521
1098
8769
4427
1430
8785
1931
423
1504
5509
1515
7895
202
16
8846
1710
4523
9435
5108
463
9484
2378
1413
3848
7659
1013
2990
9679
7608
5908
8777
7608
9021
6199
2570
2544
6842
2223
9814
4665
4622
1164
7807
6562
6722
7652
9034
7873
4975
7197
7137
6656
7600
5815
435
2722
8834
9065
345
3872
8663
6934
6533
4901
4042
7868
3059
7682
3501
6361
5777
9342
5407
7226
3243
9854
4409
8049
4447
4941
5191
162
5231
1432
9156
6234
7332
4457
4941
2893
7455
3997
9896
4618
5836
1876
622
4045
880
4581
4307
6962
5185
7340
8599
289
9524
4705
7988
8666
9264
2917
9000
4957
8786
2987
7997
8342
315
9681
851
7556
2260
4602
7039
4501
978
9530
6844
4176
7315
8589
5200
8846
2472
900
7722
757
9517
4061
5479
6035
4099
4430
8084
8211
1151
4221
7198
5503
6700
8399
693
5491
8235
1179
7391
1929
9243
7194
2553
4807
7411
510
663
8625
7675
5996
5341
4763
1451
7783
4086
4176
2587
2922
9841
5368
7178
4946
429
2713
2043
726
7273
9277
809
836
1997
236
8587
2905
1255
3366
370
7228
9102
8719
2687
9415
1795
6823
3953
7667
9397
6981
9389
8016
9731
5631
8278
2926
3964
8937
6012
6795
5458
9704
129
840
157
1905
5878
7514
4988
1682
820
315
4247
3533
8678
1466
7632
9645
2820
3957
3495
38
6699
2002
1276
7822
9944
7205
3888
5217
6947
3056
180
2709
6472
6733
1875
2796
1856
721
1132
7679
5470
3246
3607
6781
9478
2344
872
7376
6056
6113
9089
4536
5818
2692
8930
1414
9347
8378
3948
4039
5860
9644
180
5403
7537
1957
195
305
989
4499
425
6817
4404
123
1185
9221
3537
2230
9040
5189
6992
8459
8903
9662
62
8218
6569
3902
9308
5747
9542
7166
4531
6017
8245
1772
7441
9766
2160
4580
1953
1011
9641
1579
9401
2180
3595
7528
7261
7879
4955
5823
9201
3863
269
7211
7067
3721
5331
7928
327
3170
1408
2842
8580
5651
3547
3005
5707
1234
9663
8266
1936
2646
3567
6370
7969
4862
2327
1690
2332
7407
3645
1652
5022
5129
4855
4566
7157
9988
5206
3800
2630
988
6399
5247
987
86
6827
5618
1732
7310
8228
9173
5214
1007
16
3034
6162
9038
9290
2736
6292
2515
7739
9109
3179
3220
6424
816
6512
4800
5141
6372
6416
4757
6071
9538
5052
5663
9431
4190
6416
3326
4483
4315
8384
3426
4830
3670
7917
70
6744
732
9815
8902
9256
5001
1773
750
9141
3150
8161
3520
5012
9054
1975
6402
7884
1029
6043
2194
5333
2037
2913
7670
9935
4159
1496
2212
6399
3131
5208
7387
8740
420
2651
9533
4472
7058
7656
3113
2962
7205
9658
761
1528
6794
8015
4069
4225
9966
9580
7153
1465
829
6446
9146
2494
1765
5163
7640
8407
2460
2695
4609
1428
3466
851
6219
720
9893
4831
4763
1459
8615
2240
94
7060
6190
7293
6162
3916
2192
5059
51
3733
968
6745
3086
3346
7681
2494
8275
72
2014
3309
1116
2154
2004
9955
5684
9778
5333
6535
3382
2139
4890
4776
5907
396
9964
3013
5023
2607
9183
1221
5833
9599
7403
6038
6149
3471
7016
7939
2328
7592
9173
7407
1471
1083
2437
7582
4077
4148
2615
6211
3535
7439
6721
9188
2493
548
5880
7946
6543
7422
2911
7700
1177
1738
7833
7787
9877
8091
3084
2863
9996
2938
8437
8257
752
8906
2289
6570
6905
9098
255
6888
8218
1731
2320
9865
7727
2481
968
928
7670
8607
1012
8725
9127
2859
3639
1897
7520
9112
6067
7895
1298
9266
9761
2981
3266
1533
5565
8458
6348
7462
481
7562
5547
9131
7419
2652
4238
7654
174
3116
4439
1892
6914
2797
9061
7956
4281
9750
444
3628
2704
5773
6782
165
6573
8898
5288
54
203
7394
1419
222
6288
5148
3094
9083
3959
7823
3277
135
3854
2562
3176
8690
142
1806
2442
6779
6050
8406
9691
1224
4647
39
1973
4566
1087
1658
5784
6746
3233
5462
7258
4549
5648
9106
8430
5446
6198
2648
544
1177
7118
5973
3291
1597
6987
4253
4823
84
9832
2044
7122
7475
4332
439
9962
8201
2937
6081
2084
8109
3298
8298
3628
1968
3623
9617
6377
7953
2686
8873
2956
3951
9760
426
6901
6777
4317
2495
3522
5281
6860
573
6181
2592
6547
5251
6929
7075
528
9740
7073
418
1010
7665
7141
3169
6343
8556
9626
9872
1186
2504
2900
7565
7112
5092
8970
7193
6200
5030
4383
3992
5253
1948
2360
6130
481
7613
9583
3831
9479
2751
4163
3135
7621
3377
794
6590
9252
2136
1732
8039
3110
4856
6013
3128
9723
6568
750
835
8384
7288
5952
2636
7365
4366
4111
638
984
4059
1623
8969
3
3149
2830
5766
6799
285
9118
6347
3444
937
2413
9097
7262
2252
1034
5442
4765
4089
4693
601
4649
6631
7356
6690
8736
1222
3454
1352
318
6240
494
2125
5976
2122
5590
1644
389
281
9701
4874
6377
658
5207
5403
2143
8890
6959
9457
4642
5772
7123
3087
6424
3033
2628
4460
572
1481
9865
7412
3702
4031
5863
5496
5641
8347
943
692
2553
6410
324
5745
695
2968
6631
6193
5803
6453
2961
8696
4365
8388
6028
1483
3456
9504
2398
3584
6635
922
9140
7493
3460
8062
9207
7324
5899
2308
5997
7220
8033
3874
8814
371
1892
3550
3105
8415
5080
544
5731
332
9907
5206
7556
8431
3972
5490
4734
4210
1793
1502
5666
4128
6157
4560
5249
4832
3634
1480
1411
6702
4192
3286
3112
4884
5010
6472
7481
7417
2505
2113
3242
1296
2615
4918
1278
2065
3322
1650
7927
5028
2276
777
617
7849
6435
4217
1673
7205
2385
4556
8727
8535
7994
6090
5813
5369
5733
1292
8067
6354
7058
2859
4041
2792
831
8503
8624
3763
1974
5155
2445
5052
7574
4846
2475
2036
3852
8781
6228
9793
9837
2067
11
6835
8787
4114
3513
2453
9443
9179
2531
863
5303
1170
4852
440
5932
8941
8316
8265
2122
8011
9285
941
9467
9473
909
4628
4650
6255
213
3895
3226
1458
7189
4502
7648
9538
4281
6012
8430
844
1597
8932
956
1098
2768
7413
869
2637
9576
9977
3531
2237
3026
9131
8232
2151
1091
9727
4643
5589
304
5867
5691
1260
6391
9923
1715
2511
6153
9235
8842
2656
2340
4149
5782
103
7504
8610
5948
1803
9494
7157
9870
1853
1288
9995
433
4916
8657
9831
7978
7266
410
7362
1365
662
6582
6815
9682
8363
363
1037
6733
2686
1022
2261
7031
4300
5673
6883
3462
6666
3707
3122
4278
4302
3356
7616
5786
7291
7819
6769
1603
7978
919
2047
8700
5475
1318
5886
3904
7883
9941
9598
2888
7640
3885
4890
6213
8831
7694
8541
7686
5118
6651
3572
8135
4214
8977
7950
1958
6336
117
6224
1843
2017
5274
5350
1715
4904
5723
4228
5681
1780
1275
9658
1234
5250
9254
4662
2643
3155
1316
9955
3841
4893
8762
1871
5
7544
8908
4490
9258
1289
5507
10
444
8635
7591
683
1119
3768
1193
5460
2569
2664
224
2006
6269
8385
9358
3853
3733
9452
9662
4393
5947
344
4204
7622
8596
5224
1168
4070
682
6375
3017
5457
9092
716
306
4099
7124
9304
5188
5972
2380
412
3784
2949
174
3784
7223
1749
7359
3374
6704
2659
936
6485
8245
1438
4265
5434
5394
2073
8073
9856
6570
9978
558
8344
9216
4609
9429
6940
3472
8134
2991
9509
5480
9627
841
1580
9526
7264
7318
5070
5503
310
6251
200
568
3947
5222
5378
197
7636
6476
1368
380
6265
3854
163
6789
2809
9719
6055
6368
8799
4245
1653
6307
844
3345
2961
6399
4068
3564
8094
5630
5973
56
9652
5531
3697
6065
6276
4973
5693
7302
1842
4913
7249
9672
7873
7332
704
4030
2141
9354
9234
5665
9410
2110
7261
3979
5226
2598
835
1079
7651
1601
1652
3045
62
1184
8355
7357
5028
5535
9830
3213
8899
4319
1704
5232
4742
1377
4425
5053
707
6848
1285
8025
526
6507
9937
554
267
8463
353
682
9425
4141
615
8388
7546
1469
7511
1998
3686
7966
1974
3826
5887
8888
4192
363
9143
4752
9784
6889
4749
4680
7802
6256
719
3905
7292
4323
8553
2109
6596
9417
2332
3269
7139
586
4858
5412
8895
72
1134
8063
8430
6668
6264
6273
9182
2043
2102
1206
3681
8917
5038
3172
6342
6219
7816
3458
3123
1818
9496
2358
3342
9368
3624
9758
7483
2330
4261
4906
672
8463
1504
8996
1684
701
1637
3278
5045
1126
9880
3495
8217
7526
1147
2553
9149
3628
6380
5010
329
2899
9899
3020
4292
3084
3450
5707
5556
2153
5933
2323
1613
24
2224
916
7867
9818
5256
2627
9515
6575
561
5318
3363
6016
5287
7099
9106
4265
865
6933
4754
4945
7847
1317
1210
2151
2580
9713
6976
1979
9862
8467
1116
9270
9618
1473
5255
4198
2693
6788
9490
2826
1078
7943
5171
7079
1479
4302
5498
1621
3834
7568
2979
681
8447
9667
7204
3327
2427
9523
6069
7219
7877
1182
2511
3036
2379
7471
9389
7158
7041
5829
7839
8315
1081
3343
1470
9550
8478
9254
9514
2307
8122
6935
6574
7550
3944
1611
6149
3094
5396
6453
310
7590
7262
2664
1627
1440
5293
1906
4752
1758
6000
6793
2662
5239
767
2705
2407
6106
7905
7575
5779
8905
7719
156
5721
5189
9461
33
9954
8962
4817
2700
7704
8840
1812
6357
532
1781
5309
2127
2948
882
5125
8182
1787
1424
1085
4289
7410
6174
8019
1796
4716
2331
4468
1158
9288
1874
8523
3289
5743
1079
4407
3243
8909
476
2715
5384
4637
6528
3519
5274
1213
2741
2148
3118
8785
8972
6949
2196
3347
4127
5529
3587
4440
2587
4309
5366
9805
5288
8669
3639
3456
1399
4475
2407
9595
887
7688
2327
3228
5187
6520
4710
4592
7019
7459
5735
573
3934
1901
9757
8287
2001
86
9302
9834
1743
3933
4450
6670
3212
7920
8047
7961
3175
1295
3251
5654
2108
4527
6884
9699
8244
3818
8455
4800
5498
4707
8259
4771
2890
2247
6673
105
7367
6127
691
6711
3529
6034
9246
3294
8658
6616
5877
8061
2588
1481
5139
9584
6321
7507
4069
6983
4294
8267
4833
6529
2500
5818
247
4055
4212
6169
5363
7861
6679
4568
6908
8547
9631
6855
4589
4370
9262
7528
8957
705
9753
5867
6972
7039
4136
1721
3804
9163
6412
6061
7417
312
6174
5996
4871
268
2448
5957
7288
1671
7410
900
8982
5601
3540
7744
2467
2492
307
1220
3130
6809
2818
8267
1297
3590
5301
6740
2942
8149
781
837
5427
1880
4059
1500
9367
8232
7523
753
7667
2772
2031
6919
5717
8375
2988
4417
6132
6786
5781
2513
9346
4041
4139
9404
439
8954
1197
7273
8687
2071
7370
856
5186
5509
432
7295
2283
8493
7055
528
8408
3711
8064
1430
9213
8983
3468
9406
645
7112
1866
1251
9879
8516
2248
5585
9857
4141
8932
315
3491
7798
56
6632
5274
8323
9825
1112
5959
1536
666
3269
1068
4269
7146
2821
2770
4982
1270
7627
9914
400
2356
7693
8814
2511
4141
8912
3523
7013
9934
8607
7710
6118
684
4491
7200
9399
433
7388
8511
1748
231
9894
6386
8448
1248
5207
3816
2055
2208
1484
5574
2576
2743
8819
8347
6494
8767
1404
4770
9814
2846
7624
2916
7386
5256
8676
4359
5492
53
3151
2806
8511
4826
2230
8318
2606
9655
3616
2867
6448
8908
9093
9661
9771
9881
891
4882
1893
832
9592
9969
1458
3625
6299
3784
7960
434
4790
1107
494
2849
4596
482
1379
7032
3320
7349
58
2979
166
1287
8019
8384
3930
2772
7013
2188
2918
2839
9816
406
2346
6869
991
1826
6684
6992
9922
2157
1927
8233
7866
3240
1967
117
8869
4867
9042
6539
3305
9943
1850
8471
7637
8047
8416
7774
803
9908
9226
1774
9690
7300
5381
225
5664
2207
6398
5167
7005
2813
3289
7596
4218
6847
1605
3285
2280
7793
5559
8610
7198
1080
275
9849
6954
5774
2569
895
9976
6855
3739
3099
6560
4078
4413
329
8426
3457
1909
7720
6509
1351
9154
593
8453
8682
9817
1108
2050
4820
7275
8608
7021
2490
9474
9711
5350
1119
4842
7420
456
4903
1596
114
8302
1961
1478
7890
4623
2255
6
8624
5653
6525
213
2011
3932
8396
8512
8567
7509
1026
6978
6521
218
4752
4606
1086
7372
4104
8023
4760
8424
9160
2498
1287
5144
759
2595
5455
9877
1739
6453
3771
5690
1333
6774
7711
8917
9002
9006
7682
5398
9950
8240
8304
330
2719
5208
3402
5457
2571
4485
7432
7243
2111
2192
1309
1809
2782
6714
6133
9872
9770
7429
5278
448
9506
4825
5119
4626
7367
1238
5609
3673
1692
5545
8761
2816
8699
3799
711
6921
9822
2982
3871
2805
3968
5819
6346
207
6049
1534
3319
6850
7151
4506
3611
1819
8856
7009
1890
3322
5353
2109
672
5010
4065
2080
809
2016
167
925
8521
7992
9748
1151
5282
1818
1999
1159
3536
1908
3364
9667
3258
6145
1983
6874
2887
5903
2907
2228
1145
4014
3666
2742
5195
2772
8623
7963
7667
3774
7224
8254
5908
2113
4257
5781
1732
271
9711
6439
916
357
8939
9789
369
4000
9390
4518
1413
8927
8431
1093
5835
2788
2710
8646
9918
1269
1516
3422
4140
6495
5393
9887
3404
7050
9962
5386
7449
7543
8533
9935
1594
9221
8042
6496
3648
8131
1968
2181
6219
176
9640
1896
1305
3455
2506
560
7916
3063
6507
651
1639
438
6536
1827
2517
1797
2561
308
790
8934
7717
4004
230
5882
8789
6784
7596
7695
8312
1560
7420
2806
2619
5953
761
3763
4194
9017
4571
6926
9168
8743
8776
2871
4031
2255
7507
4998
7788
7125
4222
5600
3906
4682
4716
8358
1553
9826
5160
4359
2266
7942
6571
2613
3835
5348
830
8165
8722
5252
7165
3664
543
6342
1108
8631
4314
6439
1369
467
2750
1411
7221
3850
689
8420
2736
1022
4977
2552
7912
1711
7548
8720
9326
225
9707
7349
1645
4504
6301
3814
5944
8111
1036
7500
8206
4777
7278
1502
9612
5023
3963
6560
4592
2791
7941
1558
6
101
4200
1111
5537
3068
9440
5405
5847
2061
4850
4744
2569
9024
216
7058
206
6304
8364
5133
11
7953
6543
3945
5537
9917
3767
2978
6755
2155
5619
3413
7986
2561
9340
2851
2550
2208
4571
5759
5404
1070
7713
273
1623
6114
3286
9581
4100
6935
8433
5917
6734
5715
6017
4443
4122
2690
9910
1323
5584
9419
8287
213
4903
8292
641
3104
7036
5217
5056
1178
607
7176
1261
7796
9482
8256
5036
3466
3806
9864
2049
3729
7227
2580
6199
7976
7548
6257
8108
7057
334
9930
6797
3593
4619
8515
361
4387
3910
2547
7076
563
2181
5743
8347
6613
7302
5312
6926
8190
3472
7031
4671
1691
7255
1671
6774
6774
2843
2080
350
8231
9918
8908
8000
2646
9616
7490
4041
8638
2905
3944
7467
9549
9730
3862
2109
3593
4528
6710
4768
9453
4430
4071
5519
9248
5286
6624
6369
4934
8459
4209
6303
4576
9062
3750
9724
8767
9131
8549
4726
1750
1080
8198
2040
6925
6682
9122
7433
82
8635
9188
8133
7130
7628
2573
3381
2309
1834
7332
4829
4927
6752
6473
6819
7826
3513
1978
7559
2169
5057
4383
1283
1264
4647
3040
7328
5719
1233
1863
8242
8517
5932
3120
722
3225
3933
9389
4598
6652
9977
5813
6302
4002
7838
540
5006
6288
9932
2078
3123
6599
8388
8949
8740
9870
5323
7979
3111
8638
6874
2489
2460
2054
7814
5197
9482
8815
4007
1050
5860
6170
4007
7818
1192
1542
6904
9006
7636
2413
4034
7270
6037
446
1689
7275
9885
2213
5863
8234
8496
7238
8107
5916
9851
8362
3485
1456
6450
9232
6044
7130
6357
1668
1831
2788
5406
6317
9124
6530
1417
4495
2464
1348
1024
3217
7508
405
5362
7370
256
6193
3248
3685
1142
5667
5764
1971
1910
6795
7710
7295
1330
1407
6748
9084
7533
9433
6581
1035
8021
1534
5010
6073
7513
3694
3177
5573
3753
2023
6792
2863
6745
1140
1723
7180
7905
6867
3289
3366
7396
7412
2113
2081
3883
3870
3709
2744
254
2492
3824
4101
2382
8644
6849
5695
1793
6471
8484
398
2315
2916
8385
2602
3622
9336
292
3809
558
8064
7552
5000
2652
7151
6304
3033
8044
4042
9548
2618
7821
513
8340
2302
2980
8056
476
4517
4125
52
8740
7295
1824
4289
9827
6221
5148
1423
3728
1992
1219
6414
4076
8507
8177
7582
3279
4075
6505
6089
3741
3912
2238
6588
5557
3419
8779
1056
3910
1423
6193
1447
910
828
1883
9042
5761
2478
9294
1008
2370
2292
178
8048
9025
6965
4535
8359
7937
3197
2502
4429
2245
6068
5206
5762
2726
2464
6472
3518
179
6929
8527
4742
8166
8666
6975
6363
2895
1216
8449
5276
2720
9194
384
4635
8243
5768
6499
477
5355
8256
9063
4651
6966
4100
2920
1494
2620
6080
3277
7208
7304
4607
4685
1701
5247
6989
9969
5231
6545
1270
2760
1257
699
6285
9489
7699
8167
1130
6424
629
1585
2859
3104
5879
3830
3931
3609
2572
4459
5983
5775
3647
5783
7645
5567
6262
1983
7688
2454
7587
1964
3302
1847
7642
1994
3410
5321
2908
8111
9085
315
2113
2454
2224
9413
5733
6536
8172
6108
969
1879
7858
9169
5914
6486
9407
4632
1919
183
1887
3040
7708
9698
323
1171
4259
463
2765
8235
1178
7393
6711
6895
2375
2319
6163
2185
6744
5264
8749
7526
5424
7187
8349
825
1932
632
2521
5148
8387
8701
9847
6964
6651
4793
2336
1103
1577
927
6832
7581
3264
864
8314
2888
7915
6224
8537
2802
4421
1075
3473
8426
8805
1843
6691
4362
3928
4641
3983
8335
2102
1861
5300
5414
215
1908
4083
9840
1374
9086
5394
6930
5891
5760
4780
5899
9471
4716
2053
4338
1360
9715
412
1564
4845
9453
4313
7767
6691
9781
8789
1655
5197
8755
9817
8986
6546
9687
5951
6313
409
4047
5189
5309
2183
5205
592
8092
9177
2072
3068
6655
4765
3958
5393
2609
7706
515
7314
1382
5633
9512
9456
1637
9931
4154
7147
6276
8081
5510
2584
7758
523
4343
2301
2612
6336
2899
5897
7341
1628
8120
4562
4827
960
1694
7174
3724
930
9689
6099
4361
4469
4334
3250
6047
4436
4751
2989
8359
8680
7861
5602
7412
5402
5609
31
6409
4481
6351
7069
260
1388
3471
2634
7083
604
4321
334
3474
2857
8469
5871
2773
2837
1500
5312
7752
9453
8902
9204
7593
4139
6249
3888
382
5657
1754
2063
7537
2496
7644
3247
2565
8062
9170
360
675
3606
4530
6781
4182
7777
9417
8059
3599
7987
8709
4894
6165
1657
4402
9939
2300
4254
6852
4472
1537
6908
5086
2064
8032
4463
5453
3267
8611
4277
821
2465
4551
3794
9925
6743
8444
4512
8521
9898
8345
5476
1724
8433
3097
4460
3416
4895
6598
8260
4908
8269
4272
1607
872
5063
2298
9155
2840
2093
3810
2053
4299
3577
2667
1524
5919
6608
6617
8825
4650
8465
4584
7708
8679
9387
5240
810
7196
1676
4345
7362
6468
2643
4000
7503
2622
2423
1571
9743
2640
9520
4327
6547
4057
8371
6803
5103
930
8012
8992
1505
8880
5700
3328
4046
5594
321
7543
5352
6193
9996
8235
508
5952
8014
8052
4439
849
8596
6207
9769
5802
4738
1413
194
7730
8820
1907
3800
8980
4719
6117
1227
7279
2342
4324
1615
4935
5400
3082
8457
8204
2150
1246
2789
9428
2226
1120
9556
2696
8772
3026
6931
7448
3158
448
454
508
623
9054
2371
4584
1693
285
6603
8154
4747
1914
9428
2691
3362
8419
2449
832
3436
5815
3443
3685
3427
3465
9064
5845
4648
7775
6658
5888
9104
845
4307
9449
5929
938
9060
6930
2778
6924
4901
54
9672
9493
9550
3891
2677
2761
6996
7523
7218
9146
1880
4677
1654
8434
9241
2349
2055
4412
4570
4628
9828
3488
6478
6621
8757
4153
9583
3526
8810
3509
4541
6807
4641
2776
788
8522
3523
8941
9271
742
2525
5291
6153
10
2573
6271
3178
531
3042
9628
3998
7594
7270
795
633
4077
4008
3888
5527
5960
8929
6620
5080
8032
8169
9097
6568
6716
194
917
1645
4960
6273
1485
2970
1607
2637
6293
4048
5724
8880
1362
7939
6277
202
9733
2555
1293
2821
1892
8737
2301
5844
7334
5561
2102
3684
3482
6288
9869
2084
6740
378
419
2753
4086
2030
5120
3690
9127
3998
1916
7523
9859
5246
5497
3172
3919
3573
4321
3409
4007
9169
8087
2533
3942
7653
5388
7895
9952
5454
7377
3343
8975
83
7652
1138
521
970
601
5336
9898
7800
3174
2927
2707
2880
411
6776
6799
8685
4828
1760
5582
5211
1132
8441
2064
2559
6792
4614
6895
102
7421
2870
5065
2827
4678
1319
841
8274
3430
6764
5249
4018
3967
9785
9718
5248
1869
9323
4856
7638
8019
9700
4685
6402
2207
4276
7497
6363
2203
8564
4827
2846
9843
268
7975
5718
7519
6821
8940
5034
8268
8088
8481
9041
2219
7268
8145
4176
6805
3343
9055
7988
2329
2836
4008
1451
2372
1707
1988
5501
5068
54
8360
4008
2953
5799
4892
3129
9872
7807
9716
4550
9742
5873
2173
4984
2077
2789
5845
3142
1558
2681
103
8428
3411
3954
1522
5002
8767
2736
806
3497
3229
2335
5962
6281
8898
6282
8908
102
5168
1290
5910
6313
1567
9804
4457
2347
1178
6656
3161
6740
9156
8077
4645
3137
9893
9138
3473
2403
1637
8440
2290
6756
3891
4420
5685
7173
7426
8648
1596
5939
481
1305
2774
3369
3349
827
3594
7358
6806
1208
3424
8046
3315
496
1500
9111
4370
2057
9768
3226
1704
8200
7436
7153
1905
2936
4221
5792
5517
6615
2079
7076
1064
9937
5928
2040
3924
7875
4435
8662
4660
3553
1358
1226
8151
9428
848
4642
8879
4475
9818
9138
7838
5714
3225
4629
5356
2144
37
4029
2696
6074
2538
6491
7560
7493
8000
8810
2382
1337
8601
582
8409
1969
9302
8378
1909
702
6982
5111
6544
1419
3613
3360
5882
4572
4220
1042
9064
2991
1731
8178
8565
8069
9264
654
310
1642
1282
3221
2120
639
1135
5602
9961
4009
254
7043
6399
8323
5761
4649
2169
814
4051
3400
8848
1416
6970
3214
9849
5866
3161
7777
5082
3196
6501
8400
3510
2995
4450
5083
3383
4939
8985
1663
4167
6527
4264
4777
4923
4997
4950
524
9949
5751
5457
7262
852
6908
9974
748
658
5909
972
4078
5642
883
2190
998
1995
8709
5427
7841
590
8863
9740
3264
2488
5511
6249
9792
3324
9401
2648
8805
5664
2299
8891
8470
5242
6170
1861
465
1048
2019
1857
3727
5257
94
2974
6034
5994
2532
8315
2475
5584
8529
8411
8201
3791
7828
4325
5836
6694
5652
1435
4631
7752
5357
4325
1731
5527
7848
6074
4544
990
3144
9242
4070
251
2209
986
4122
5799
5699
7276
381
132
2740
827
9998
8578
1979
8736
1504
1917
584
9796
8230
6375
2754
3523
3770
5901
6296
3769
8109
1033
6249
2556
8152
2692
8032
2597
8738
9941
6854
6380
4090
2443
9867
2495
2324
3171
8863
8478
961
2342
4059
7239
7430
7041
4685
8713
7631
7410
6032
7815
6876
4973
9802
9563
4857
2584
4271
2723
2396
9513
2002
9101
6840
9434
7084
7595
2750
2742
1557
8643
8147
8163
3423
9526
5916
3036
5043
5611
261
3577
7555
4871
9650
4285
9886
6683
1693
1964
4962
8265
1374
1527
7131
2020
8217
6662
7290
7092
5664
7952
5105
7219
1577
8122
186
3143
7035
2266
7143
476
8978
5446
2597
4109
6418
3182
9130
4271
2600
403
6141
8043
1483
4770
1684
8997
1489
3857
4616
3325
1951
421
8966
7074
7097
2318
1663
3390
8759
6831
8638
578
4984
2318
8985
6846
8464
964
5425
3405
1917
785
6276
8219
375
4703
7538
4132
3238
2737
1276
9259
9582
4521
6776
8467
6757
6339
8481
8062
4325
1345
4476
7743
5644
8371
5877
8910
3264
5938
8999
6807
9985
1642
4539
575
9143
4498
3288
5205
4666
6889
281
1377
2737
8943
524
2972
114
7453
1654
3947
1191
3970
804
4505
3810
5803
9420
1471
5863
5565
6578
2227
4776
5426
246
4507
4222
1470
9579
2252
6291
3805
451
2771
4668
3644
6629
9807
8947
1168
8209
9722
7572
934
6106
1442
3325
8440
674
3544
4216
6537
115
7123
6917
637
7433
6338
7520
2360
4206
4861
4994
5346
2701
8934
8964
7507
88
6290
8990
2561
9093
1790
1741
5395
1395
6175
6867
7408
1259
6586
2776
1897
1937
9453
3582
7872
5193
6952
3202
356
5558
1771
5534
3178
8621
2798
1036
7737
2281
4343
485
802
6584
5451
9864
2602
1283
3684
7254
1606
2074
3611
5449
802
8782
5299
1173
1742
7608
6738
3767
7445
8662
4732
3466
8059
326
4365
8008
6322
1435
7475
5757
1977
317
8198
9432
4834
4109
4501
4875
2254
7045
2974
9633
856
5086
1658
527
1179
6747
6147
8067
8384
259
6418
9689
9496
7196
8649
8701
8226
2163
1114
3850
9689
2824
9282
5553
2621
2949
7062
8453
6717
7359
440
8675
1198
1526
8774
7264
4667
3495
4383
2394
4585
8496
1795
8432
196
5651
4550
7549
9356
7780
2464
5696
3958
2749
2228
3927
3984
3921
2395
8282
2741
1420
9452
3524
5465
5497
9387
4651
5746
6846
2891
3377
5971
7058
705
8483
8198
9455
2983
5102
2740
9682
3721
9186
1556
8512
1855
3967
8079
3474
1208
1980
2924
7184
2511
1990
5501
5100
9549
8917
3444
9157
6970
9483
6403
8381
7553
6101
127
4004
1360
9492
704
9635
6697
1125
8280
1540
3304
2940
5085
2046
2368
4480
5941
335
5220
6255
4941
9523
687
6130
150
929
6657
5276
8012
1428
9639
6716
4852
198
4614
8257
5250
6408
1619
7197
3476
2527
1106
5922
4031
5881
2025
4186
8004
8366
2383
3395
8142
3873
5127
9766
4538
5060
1267
4152
9923
8427
2327
1818
8266
537
9868
9387
5519
6152
5581
1646
6638
6436
129
422
1576
7910
8581
5117
3789
4959
6773
9684
2499
7706
8391
7013
4646
6996
8613
308
1420
4407
4885
180
5748
7378
358
694
5082
5348
7865
8491
713
7831
346
203
6846
9514
1961
2655
1236
2295
2649
3336
5298
4355
3893
1298
9517
9875
2474
947
443
7580
5861
9678
3061
8131
3001
4068
9144
211
3981
5290
2073
5772
6048
7685
6146
7689
7914
5138
414
826
7488
8306
7596
3008
2771
1794
4771
983
6502
5017
4515
2397
9002
2491
5747
1681
7913
7947
6989
3255
347
2893
5314
920
5367
2713
4939
389
3770
827
8957
5084
1037
1943
760
3476
2342
4425
5804
4963
30
2187
7257
1695
7082
1985
7074
8912
6168
5598
8924
3476
264
2345
249
6797
1540
8009
4971
3637
190
7325
5095
8033
5
4649
4616
884
642
7275
6669
9402
8549
1052
3552
8805
8840
946
708
9988
9516
8913
7530
7487
3240
8721
6432
3136
7051
8427
4071
5035
8010
2462
2911
4974
1834
7038
8257
5875
524
2908
1176
2466
1504
5824
9357
8755
1127
690
2078
3042
2793
3433
8811
7771
1263
1979
1645
1621
5999
9459
1234
2571
7426
5056
1417
5989
8579
1802
1526
4741
8902
6847
627
4782
162
5772
3940
255
1596
8823
3509
5020
4770
3465
5074
3789
6417
4873
7091
5600
9348
9667
9777
5370
9577
3496
8569
6187
8225
367
93
7648
3796
5801
4577
1617
9279
6914
2041
538
6331
5972
4268
2999
9819
197
9348
2905
2738
592
7365
5717
4750
6849
8488
668
2229
1370
9220
3541
5050
6979
8503
1494
2748
4750
6470
6481
3308
4584
3183
1819
7337
3068
999
4136
4361
6385
1653
2274
9542
1924
2682
8697
7362
3520
4491
8964
6089
5625
2476
7221
1074
6617
1291
9931
6449
7298
6902
3249
5452
6354
778
7892
9432
308
5642
6897
2367
9314
3160
8925
1568
2968
2211
3806
8068
8149
1405
118
8872
1659
5703
6369
3020
469
6651
8836
3750
1368
5270
6069
7748
5138
2976
2345
7821
5711
89
3640
3762
7755
5730
2429
2486
1442
6853
2473
7158
7346
4626
3848
823
7282
1576
9227
7548
7820
6412
5412
9873
6405
4584
6033
1159
7822
6947
3279
731
1715
5625
3647
7413
8961
7703
6710
6154
4340
6901
7471
4607
6509
2848
9403
7163
2803
963
2713
2935
81
4801
6272
2596
6605
1970
1848
4937
3369
7624
1513
8008
5138
4636
220
8780
5062
7642
925
3010
2563
7238
3362
2016
3434
6697
597
4694
8098
5084
3421
8080
1368
927
8331
5173
1316
5847
112
5999
104
3522
1532
2071
465
4280
2689
7564
3280
5280
2054
560
5122
4732
2872
1295
251
9970
8122
8045
6738
2679
4349
3499
5558
4522
2330
3574
526
2571
7820
8380
9517
3366
9692
4011
2980
3360
4372
3784
818
3245
5748
6297
7719
9515
3699
4064
6454
5278
7213
1012
7112
6457
3995
1405
6366
4454
3633
5052
94
4226
9760
7429
6798
8040
9628
2874
8735
1160
39
8325
49
1268
8892
7553
6564
215
1128
9542
6718
1346
1795
5647
5065
5364
1309
6825
260
6982
5651
8203
441
9520
7328
6653
4111
3211
9520
7366
8150
9492
9200
3670
1087
362
8529
4460
1854
3204
7564
8709
3464
7426
8431
2930
950
9918
4646
6052
636
6654
6084
7303
3091
4890
5056
5656
2354
3764
2909
8996
1852
4937
7138
991
66
7714
744
7278
6489
6615
2322
5057
5030
8545
5814
8353
4438
3226
5753
9777
8347
3428
3082
7892
3376
8834
3844
2747
3101
6199
5831
4809
966
9577
944
2021
3982
2369
9557
8715
921
5667
6589
4448
9534
9636
4188
31
9259
3308
2364
6261
9844
2298
5846
8517
7347
2686
6496
9321
6179
1767
7633
9783
2472
2186
6832
1739
4757
5275
8475
1302
3121
9115
1347
483
6228
6847
1124
5378
4763
5704
9330
4595
3691
5636
2590
8448
6738
8257
1849
807
2024
8649
816
6131
1717
4943
2437
2198
13
6468
3822
7189
3862
661
2214
9120
5114
1381
9938
6652
1064
8195
4846
2591
9972
4392
7526
3992
4479
5695
257
2216
5089
6625
4423
8609
7299
3436
8643
5401
5625
399
6259
6634
6172
8773
1036
6090
2438
6875
6347
9667
8294
399
6982
5710
7124
5512
481
9152
4495
9852
381
8241
6609
2546
1179
2132
260
7733
2750
7320
2413
2737
8669
683
3751
3229
6968
8838
7947
7541
5058
7593
2971
5490
4349
6019
2734
5656
276
9485
1365
3341
7329
9028
1132
2081
8991
6354
9437
7422
217
7320
2734
1789
4817
2538
5322
1970
9838
583
6141
1606
3532
6291
7769
4079
8967
4899
2582
1006
594
6388
4135
804
2097
4152
2407
5778
5256
6190
8289
6092
5994
3181
5663
2344
2611
4060
3483
73
6657
7825
2257
5523
4989
4613
2757
8330
9624
6721
2705
6188
4208
5783
5399
7175
4258
238
6677
4104
4713
8363
5174
9777
8884
8009
1396
4950
8262
7318
5836
1733
5815
4569
2922
4415
3864
7171
8275
9191
2836
3569
5234
5654
1585
1707
8314
665
7702
8813
5338
6936
1863
2143
6990
1075
4683
9106
1282
4907
9391
6666
1441
6266
8067
2819
7084
5056
8754
9377
8455
6683
4303
9992
5373
6754
4074
9572
8755
814
4098
502
1354
133
4229
4204
734
7349
6819
6828
8956
1290
2801
5069
3328
3468
2505
9537
8908
4264
6990
355
9908
7640
8093
8793
4038
914
4303
8230
8232
5738
4123
271
7738
1973
6536
4983
9370
6363
6704
2698
9942
2040
1201
2706
779
1103
9325
4729
2701
7947
1985
12
9296
292
658
3209
3394
986
211
3349
5467
6193
2627
7259
5325
7610
1140
100
1014
2361
9830
8464
3172
8136
2706
8879
4040
2695
5683
4911
8995
8270
5038
1154
1469
882
7298
4715
4404
1167
7242
1476
1569
9912
7120
8351
3431
1640
5852
9624
4325
9700
4153
3459
3675
7487
5640
4439
8793
5689
8479
5814
3474
645
6265
4936
8383
2406
2513
3571
6464
9557
4985
9065
3870
8034
9236
942
8044
7748
6132
7813
3564
3966
7997
1142
8126
609
6249
4813
5890
1672
101
2498
7055
6020
8232
1361
4940
116
1731
6758
2571
6000
4804
6647
9574
7346
1285
5789
5601
7266
9137
703
1615
9021
6599
1117
6161
6145
5223
8023
7081
616
2985
1272
700
5822
7629
1234
9110
2656
4476
6887
5752
7027
974
4449
2796
1918
9557
7167
7001
2246
3207
4300
4562
4228
2633
2221
6312
2516
3494
583
4224
2589
4431
9963
7744
9368
7084
3152
6418
4559
4192
4859
9147
5267
5515
7628
8581
5945
3530
1352
6392
4611
25
9535
8696
8423
9976
2026
6760
7774
619
3939
8156
9019
107
944
9052
5813
426
5725
1412
2611
7620
9845
8296
1364
6528
237
8549
9640
8182
3357
7363
766
2219
6075
9207
4202
5096
8230
9892
2754
4057
8653
8337
8726
6177
8858
7590
2218
778
126
656
6162
6490
7609
5316
8601
1169
8806
5280
925
5855
6449
7549
5930
9987
4790
7521
5169
1677
4711
737
6085
2117
1962
9315
2435
6341
9213
2177
6971
6705
9751
4601
5071
8647
620
7858
9911
5777
8316
5626
7342
5816
4520
2538
2988
8690
8930
2219
9985
5580
6753
9201
1675
4018
4846
4453
5828
5739
7214
8753
9452
6595
8444
9221
9710
6896
145
2790
5009
7813
483
7350
9293
9716
4535
3599
2952
2654
9509
5896
8429
6679
5399
7002
6983
6453
9757
9180
8383
8823
4752
3675
7632
7443
5712
6390
3203
3751
6621
9253
8028
1424
4431
2809
4448
2873
9938
8350
6161
1819
337
3710
6024
3747
173
5823
6606
7266
7867
2316
3319
4094
8456
866
284
7413
633
6865
8419
6625
4579
7250
9740
4823
4275
551
7002
6970
8732
1613
7117
7293
1723
6111
3512
8101
9032
2869
1236
2796
2379
7049
752
4690
6841
874
3347
8206
858
1065
8960
8787
8679
8321
2293
1165
853
5716
7280
6699
2521
7312
8973
9766
183
9616
5696
2047
3035
222
5452
7880
5139
1751
1023
4904
9463
4855
3610
9314
1254
1508
7744
5471
9710
9174
170
5015
1304
3891
1604
7007
3869
6217
5320
3181
6937
8117
9733
5159
4731
2672
5483
4105
3637
5849
4742
661
1527
1278
3973
8564
8466
8580
4038
4827
3452
9030
1903
7721
4559
6473
3451
8748
3677
2734
9040
8548
4997
1281
89
8175
8427
1103
389
4243
8743
7428
7739
6859
4956
7554
2247
3608
8883
2430
3622
5641
579
3700
3546
3782
4815
1242
7578
4933
525
3874
7386
319
575
2681
114
9197
6879
1645
1325
9532
2827
476
3536
5167
9643
9927
7077
1460
1579
1845
8228
1103
9305
2436
2765
4370
4429
2682
5428
3630
6384
6586
1433
6435
1322
6770
403
1155
9052
2160
1528
1365
5782
1845
9787
3958
2791
5458
9155
9913
4543
1135
9044
3679
5410
5979
237
4546
7499
2925
813
4171
8890
7016
9986
5635
3228
990
9183
8871
2405
9067
1674
3956
7917
818
7775
1522
7620
6854
500
5262
9651
5758
7739
623
4193
7499
4365
2217
7598
1622
2281
9056
2688
1906
5161
7380
7303
8625
4909
3739
847
7859
3254
1405
1554
969
2225
7785
3815
5751
9037
4
3627
8663
8715
2481
1578
9210
2354
7964
3226
7258
348
2817
2741
1916
9585
9162
5745
7729
5454
8005
7213
3963
7201
6676
7754
9212
2291
3757
2739
729
3938
3202
459
3614
778
9403
6194
5516
4736
2143
5779
3741
6827
2114
5901
7896
3519
3592
588
656
3175
3960
5875
9175
654
3227
9033
8095
1099
4212
2637
945
3558
1770
9798
8279
971
9632
9788
1827
1530
9205
7005
1267
1849
5367
669
5580
4535
1123
4541
8867
1981
3543
5414
3723
6275
9241
3426
6104
6459
3376
5768
8146
1438
2656
2226
1605
7698
3907
6732
869
101
2947
3436
3279
9209
3748
3576
8619
1580
7134
7144
5630
1202
6648
8713
4027
2273
8400
219
8617
6489
7495
5656
7136
3006
5833
6978
3661
2499
298
1863
53
8421
4380
435
4999
6705
1709
6339
5449
3491
7229
8513
8452
1484
4286
6641
4332
7823
6788
2295
4871
2760
2428
4386
9088
3993
6408
7353
9763
1107
6696
2945
7288
8013
1477
7688
5341
2212
2390
4225
5451
4592
1622
5580
6715
3822
9517
9281
6609
9183
3514
8393
9350
1996
7858
9
2356
2388
3090
2236
715
3028
4689
4044
4209
546
4241
8893
5813
6391
7156
2486
7172
8390
7594
637
3621
6972
9721
5213
6223
4854
406
231
3770
1658
3967
354
1683
9267
1995
832
985
7836
7449
7311
5956
6936
2597
1960
4693
316
7433
9415
6664
6474
9296
3192
5111
1659
6501
1994
7752
3207
6123
6691
7831
2308
3766
8832
6654
2217
1398
5143
2992
9038
7235
8363
5797
6322
548
6107
3583
8792
7722
3000
2476
8336
5609
9536
8628
1389
2471
6572
9154
9144
5821
8418
9872
1984
6955
8408
3147
1419
4663
1334
1093
1822
437
902
3465
6741
4787
8651
5609
6832
8331
7723
8051
9099
9004
8459
8722
9000
8370
6773
2561
2410
8881
1240
9818
2752
8625
3917
3085
5485
6691
593
6268
4864
7762
5060
8339
133
2533
3164
5989
9927
8337
7798
4305
8048
3275
3723
2627
9118
7066
9211
9767
8468
3003
9177
4729
7642
3006
2547
7176
898
4078
1452
2392
6009
8318
8487
3639
5525
8287
7314
8839
7489
2734
8653
4330
722
6042
7157
7148
1637
7891
18
7066
6552
1902
6153
3120
1394
7589
1855
4208
6623
5147
3627
9439
9179
5197
6725
4521
6426
9684
321
5
9266
887
6739
9091
1686
8254
2286
2817
5697
4209
1997
173
2987
2079
2828
2709
9818
1354
5812
9546
1495
6399
8721
9203
4348
3187
2658
3662
8280
4281
1853
5985
5743
2689
2060
7951
3568
2906
8440
3942
2916
2264
2848
4036
4400
6833
8486
4218
8519
3377
3926
4905
1248
9773
8676
1737
2383
6916
7009
6969
4722
9906
7834
9024
1514
6014
9965
6546
5012
6435
4600
5806
2899
8668
624
6388
3484
2057
8042
1316
2798
2830
7450
1793
5612
6330
390
9589
6472
9492
3462
430
2829
402
5931
4646
4537
132
3897
5968
8549
2717
9122
6126
7987
113
8496
9696
4659
5626
462
1207
9746
3013
8660
4343
2351
9801
669
7339
5851
6984
3878
3570
2829
2365
4182
759
7407
2165
7284
110
88
1755
1898
6234
3926
1724
4052
2396
4984
9513
8645
4054
8822
7594
9110
2286
9486
6559
6395
4478
9628
562
3541
8504
5733
7144
4829
8262
5328
9511
6515
3375
7376
8145
1588
166
7090
9391
8721
5821
6864
9145
2610
3063
5440
3713
3542
2378
1869
3695
9749
4403
7504
7319
1093
1012
7322
8423
6837
3352
8128
5436
8458
9383
8323
6933
8803
6309
6666
9935
1851
3109
3167
895
7674
684
324
9998
6536
9024
3936
7982
2176
4046
8825
5099
6748
7338
3695
605
7139
9441
1539
8618
828
1803
3698
312
7197
5069
691
4304
4788
9226
8728
6814
2401
6298
8356
501
3871
6994
9642
8479
5150
6915
6525
8706
5054
5583
1289
8063
3257
7941
9821
2340
8989
8878
7940
8768
4020
3552
3407
3062
6098
256
6160
3035
2363
7444
1189
4490
6639
7942
6816
9079
3476
9477
591
129
5117
2950
1292
5312
1148
4328
4947
1277
2897
7380
6091
6833
8718
1939
115
5990
7593
2041
8859
5290
8268
2400
3116
3921
4525
7120
5861
2810
789
1897
9811
9194
1744
291
2988
8997
9824
1997
9832
6059
8589
5794
5196
5166
2749
1209
7812
5602
7852
7163
1020
4574
8136
896
7996
9599
1964
4834
2878
9851
1111
7523
2237
4722
4840
8731
7852
6081
6601
5993
7312
1
2517
2202
7370
5244
5558
8088
5333
8559
4927
3018
7688
8043
67
4425
2025
5830
7937
2706
3615
830
3677
375
1218
3278
8107
192
5409
8569
3722
5472
4799
7266
4203
5186
6378
4142
1901
530
7274
7346
2631
9176
1811
3702
945
3615
7687
4715
9583
8179
8059
2072
6522
8681
2852
8416
8573
7993
9710
9840
8313
7798
3049
2260
7974
9422
352
8281
3430
4764
4711
7005
4375
8683
256
5859
3974
853
7194
5282
8506
314
5047
2477
5924
60
8073
2126
1761
3223
3112
1979
8297
558
8722
7738
4887
7808
7200
9025
8933
7594
8064
8630
6004
4854
1556
6005
1205
6209
4279
3200
1847
2889
215
1408
9309
3573
740
410
1483
4848
4323
1197
9757
493
5519
6856
2804
3838
749
6424
5998
255
2858
8719
6993
1069
4371
2832
2068
4949
3712
7095
6985
9607
5727
3750
3083
9896
7657
2825
4192
3703
7266
1419
4859
9655
178
3938
305
9675
1211
4693
645
113
8695
1774
9954
5381
3088
9434
4309
1190
123
44
9941
1317
9826
9490
3792
1065
4476
6160
8083
3984
8939
8793
1205
3760
3281
3772
6032
5164
4752
8650
6366
7682
5725
2277
1900
6096
624
1396
9053
1255
9947
4964
3070
5224
8036
4249
8929
5515
1889
7602
9464
2159
655
2474
4464
9660
3151
2330
4600
7267
5486
5547
2076
1495
8655
858
7586
6773
4583
6677
8272
6814
2676
7745
920
9765
7019
558
8242
116
6637
3810
3748
3369
6533
9042
6080
6894
912
1424
8858
5846
1994
445
5013
8163
1217
4431
969
5829
1560
958
6370
429
7946
905
8904
8751
2777
2918
5623
8310
1986
5830
2075
6193
3599
2374
601
5403
5945
6674
2252
6217
1799
8980
1595
412
1703
9578
5908
6518
5880
6550
4183
9129
2050
254
5793
5787
5986
2660
4212
1606
6678
9904
9727
3147
9010
7962
9983
9463
9788
1172
8610
4398
5770
851
8643
6660
710
5310
6999
571
8922
8526
8035
9446
9214
5734
1608
2411
3564
8349
5724
5415
6860
8726
6534
9420
1729
4577
3734
4822
3023
6106
6479
2795
4135
6110
8913
6688
4672
4606
4935
3960
5844
893
9322
2231
4196
2564
272
7461
5593
8820
7589
5535
2024
4939
8244
5575
369
5791
2514
8411
2613
9912
6311
4099
2417
9595
8058
6148
539
1696
3879
3762
55
6341
1040
5426
583
2091
2254
6509
5661
814
8770
8848
3118
9539
9756
4032
6438
5193
7574
3275
5745
8722
2319
6314
5341
3435
6592
1747
3530
2567
2428
2411
7802
490
1192
9305
1227
2833
84
3461
2910
3711
7046
6559
9939
2657
4866
9388
7267
6995
4472
5002
1434
60
6106
7205
7007
4196
3415
7987
3457
7703
7529
6842
623
4321
4904
9553
868
5800
8457
4947
3966
8042
518
8128
6233
6411
5163
749
829
2096
1802
3372
3201
7834
5100
551
4570
794
4341
9974
8468
1571
227
6768
6843
7438
5298
2942
2646
1910
9902
2266
8353
2051
2327
9366
1382
4724
7194
7914
4824
8597
6914
7397
6699
9505
6410
3716
5363
9744
6637
6033
3831
3521
5996
3267
7425
4116
1196
8131
2214
2606
5993
2606
9197
4607
5003
5830
7901
3456
7844
3204
5639
7765
2050
1928
1245
5619
4407
7969
9405
2139
2355
3688
1791
5428
2571
5686
5319
5591
5464
5301
3974
1876
6830
1348
1044
1698
3575
501
4706
5491
1756
6208
6303
9173
2063
362
4393
6933
2104
9169
766
6063
3898
1662
926
7920
5873
605
4702
1484
1131
7384
2220
9467
1456
4575
5818
5759
8303
9332
4313
2737
6838
7827
9716
5625
2557
7967
5973
251
7072
1208
4312
2622
5672
3624
5770
8889
9796
6428
77
4759
3433
7424
2507
1033
2099
7267
9412
218
6983
5690
6743
254
2759
5456
2633
3603
5952
7787
2324
8202
1156
5226
6847
4719
799
7818
7686
1523
568
9080
8774
6763
3398
9169
8871
6769
8396
757
3702
4168
9715
6298
5470
8110
1170
1004
4115
6474
7980
3394
1882
4084
9319
9948
808
6596
4740
2088
8710
9090
7536
1572
734
3917
4662
6750
2229
9687
8142
1272
3796
6973
1350
3367
212
2789
2572
2874
133
1184
1157
2455
3676
3487
397
241
4231
8017
6683
7622
5838
3834
6784
85
3464
1776
6284
1116
9079
1439
9918
3280
5169
8284
3702
8246
1628
7143
1256
9838
1701
6777
7871
6335
4460
9901
6171
2461
8688
2875
664
663
35
8975
3997
269
6025
5337
8798
4607
3283
9661
5758
273
6162
8938
7317
4763
4746
1784
2298
5228
7397
2074
4909
5790
7824
4531
2212
3428
790
5126
7983
9424
1095
229
5434
1954
4677
4827
8143
1467
4491
4629
5829
1168
234
7258
1945
8809
1602
9484
5815
5721
2121
4087
7605
9176
1931
3622
828
4299
2606
1861
2180
3429
9120
560
8283
9479
8367
9627
8242
7316
5061
3787
7605
6975
4527
5425
3988
3845
9768
9255
7730
2327
1190
8307
6361
9456
4769
4569
248
901
2811
8300
3419
9946
5489
7973
885
4897
9532
5788
7821
4685
5508
2067
3410
3093
6418
1123
4411
5476
6577
6141
6048
2333
528
3506
3743
75
614
5087
2252
6134
3235
8976
5432
8259
8558
182
1388
8819
2976
6275
3154
6443
6556
5361
8000
9971
4506
4786
9986
56
7343
7043
1748
6956
571
9226
3817
573
1422
94
5226
5315
5191
1781
6462
1971
3451
9624
3698
6705
1823
1155
5062
4466
1618
7209
3556
3055
2169
245
5934
5077
6584
7787
7074
7386
7082
6828
5836
8234
7550
3528
952
6159
6622
9966
1827
1855
3868
9935
3502
5503
1548
6865
8189
790
1272
3103
2834
2044
7316
9198
7312
7361
9583
8810
1151
1946
2850
3374
5580
4197
8808
4371
2474
2782
6314
5248
5065
2139
1510
880
753
9506
2027
2721
1819
4826
4532
4360
1612
4014
3902
977
2751
1950
1544
5860
9342
9744
9254
5284
5501
8180
1330
6530
2867
8805
9872
8862
4229
3818
5884
1101
3185
6429
1314
5558
2036
3059
3049
2438
3897
8442
7741
9539
7870
3409
4263
4718
7236
8288
7643
7649
6307
1305
8287
6568
9559
2582
9123
5485
3244
2226
4305
8507
4401
1892
9187
9860
9068
341
2107
5406
9930
3507
3138
9640
913
7006
6865
9994
132
2047
9637
1450
1810
1321
9251
9083
4267
5319
2328
2400
8400
8917
2283
1999
5686
4939
8786
1424
6919
2724
8206
1332
7909
9709
6660
7411
1851
5816
9464
2542
9042
5920
8312
67
621
4855
4226
2494
2002
3068
4179
7068
1686
1464
5165
11
8883
6551
4500
5566
9944
6356
4246
7469
7694
9228
3477
8232
50
2309
6306
9996
5843
600
4535
2878
4890
1241
912
8965
2049
4311
5783
9812
1954
271
4508
6757
4749
1083
6045
1697
2661
8984
7784
5291
5383
9077
842
1836
680
2199
1010
6873
8459
9065
5127
7090
3051
7841
2994
8260
8139
7790
2554
9501
4808
4237
5834
9743
6839
571
9617
3262
144
3749
2294
9699
9895
2699
3206
3763
3603
3731
2108
1450
1676
7929
5355
3121
5030
6132
2603
3966
8580
4148
1133
7179
331
2504
3821
527
3701
204
9011
8632
4367
5583
7862
5834
3231
7122
9998
400
8981
9229
2580
5713
700
7900
4888
8223
2525
9286
2862
6489
7601
4174
7063
673
2241
2338
1575
4039
5660
7601
3816
6419
3828
970
8523
1810
8981
4911
7750
7672
6307
1944
2382
3172
5743
6388
1858
4481
8917
7674
2721
2744
3813
2622
7706
4579
285
3104
990
7373
8143
2318
7444
6341
1012
1001
9033
4609
989
2741
5697
7774
9345
7193
7679
1494
7592
5719
7676
7867
9666
7766
7528
5455
8949
9578
6986
278
5010
5429
4485
4563
5827
8215
1418
4495
2195
4273
8292
2697
8361
2760
9508
6983
4355
2308
4009
9226
3275
648
3483
4384
1512
9884
5285
4690
9252
1990
6205
7678
8613
8343
6881
831
2507
641
9503
7720
3189
2262
2192
4640
656
1516
6595
1382
9773
4525
8866
3958
5405
3371
9235
9028
4875
7473
2429
6165
7143
1796
1125
9694
6139
2424
5012
804
27
4719
4438
722
270
5228
6770
9848
8579
6390
7665
960
6466
7688
8205
8077
7153
4069
4424
2780
1407
6169
8933
8140
4592
2346
806
5754
2886
2813
6660
5509
5512
1029
7221
2161
4338
7079
3485
4375
1096
281
931
3513
6616
536
3310
9490
5371
7305
493
9708
3800
727
6448
3324
1238
4235
7990
6279
9467
8234
3443
5112
1429
1576
3582
7162
1892
9946
1157
7087
3587
6633
9725
7731
8705
1107
649
8315
9344
9371
422
5751
6282
9056
3202
2071
9866
8491
4871
9705
6590
2579
5863
5824
5719
7739
7477
656
1258
3946
4622
8998
6055
11
1826
4341
7491
4475
8435
283
7812
3119
9881
8434
8184
456
5455
1538
978
8239
1501
8723
323
5211
8659
2561
6513
5682
7311
4328
3734
7595
7340
5807
5096
7825
1383
2769
6432
4852
7118
4230
9610
4938
4728
7440
3736
6371
9355
4241
7554
9594
270
7306
6142
3831
75
9422
696
4689
112
6278
5406
9761
3299
4413
1323
450
7952
8571
1454
3732
5648
8191
6358
847
1031
8822
1276
4533
5834
9864
9837
5504
9484
465
2514
3483
9684
7805
6926
2141
7372
8877
5764
1455
1240
6294
6083
4239
4480
3688
1759
493
9900
9580
8764
7443
7660
6423
2217
2785
1185
2012
6551
3414
3979
3981
2453
1515
1872
3153
746
345
8966
9217
8749
9035
1693
4029
9988
6590
9708
2044
1032
7428
5926
6672
1201
3032
7865
6936
1443
2780
803
8079
9909
9519
5648
4977
826
5162
4373
3934
4141
2841
6035
6935
9790
2775
7288
3622
5203
6610
9511
4202
3805
1565
3490
4175
9209
9844
6146
8524
30
6874
372
2310
5162
9551
175
5298
9764
7917
2325
8312
6253
6210
1814
3683
1481
4152
460
2805
1427
2415
1719
4791
578
92
4549
2813
3254
3722
4108
4024
350
3135
1160
3861
4890
2506
3564
1956
8888
152
3734
1283
6782
5814
8852
7272
8099
7425
7949
7021
2937
393
5406
9798
6090
4468
9185
5822
7311
3135
3355
7711
7143
4495
2755
7921
3242
5493
5002
9562
8091
5007
2475
3971
8643
3532
1345
7467
6047
5592
8239
324
8376
5557
832
4875
6475
714
9324
8390
5573
7429
9267
2054
5565
477
4377
76
9502
3283
3166
3480
9855
294
6089
8924
6160
5637
2912
4559
5715
5103
6727
5837
3365
8582
2098
6220
1320
4866
713
7785
1166
754
5463
1681
3316
4958
2815
8332
1608
2632
4140
3075
1177
256
7602
274
1434
1863
7862
9721
338
3067
5591
6668
1395
5568
4088
4218
964
16
1740
8187
3934
1706
9964
5571
2447
966
2583
9187
9823
6840
3847
6623
685
4291
4028
8953
20
964
5879
8956
1679
5103
6805
5317
7542
3672
1190
8860
1541
9464
2537
8912
7511
7567
8518
8224
1732
1640
7175
551
7764
8600
4804
9967
6175
4448
4169
2773
1138
4755
9382
4237
3536
2977
2676
4604
6819
401
1247
6964
525
2269
660
173
9136
6167
4088
5405
2229
5402
9826
4122
8061
1323
2790
487
3698
7326
3231
3451
1657
3109
9721
2959
9479
1939
8584
1557
3453
2303
9400
1174
7457
5988
9074
3860
3194
1509
9863
3454
8008
3630
3612
6370
4429
9701
8786
9276
716
8384
6737
6605
6493
8384
1569
7159
9242
5962
5957
4580
3049
151
3636
9831
6933
737
2469
6586
9403
3246
3958
470
1951
5385
6473
6401
6601
8619
5292
2402
1744
4169
9364
9648
9136
2695
1573
1048
2043
3754
2847
3709
4858
9867
1048
3194
413
8680
3059
6803
8375
9924
3995
8234
2943
9103
1918
1357
7092
8720
6280
6604
8065
2510
1322
1704
361
5422
6007
4791
1391
8887
5819
9557
4916
1713
3096
3252
9357
380
9423
8644
865
3501
9591
1533
9084
387
7357
7881
3651
5736
5865
2319
9813
6963
5064
6010
6233
5466
4699
3768
3050
8004
4716
7102
5772
2509
4280
825
7177
9155
4701
4431
7117
4797
3105
1876
2410
3259
5548
2056
9769
936
7092
9374
4126
988
4131
7048
7014
4542
6551
5022
8256
9623
629
2765
5317
705
9003
1660
5349
6063
3377
4857
8127
4678
2747
5778
6813
5609
7998
704
1818
1810
5788
3534
6497
2860
5966
1927
9827
8062
4013
1901
1861
1698
396
7270
8435
2611
5366
3473
1861
3716
1872
7831
6061
7262
5706
2156
2873
818
4311
1396
8027
4700
9942
7602
6306
8424
397
8508
7749
3406
241
5066
7484
9097
4293
6253
6939
646
4444
8333
4764
728
2316
2155
232
9656
7425
5925
481
5465
2683
7224
1119
5898
6982
671
2021
3636
5860
2921
6319
9299
8729
617
5835
7010
258
1255
5025
8975
274
1524
768
7805
8379
2714
5894
1960
7109
834
8507
372
9727
7711
7515
8334
8207
6392
5054
9540
343
6804
7286
2704
1015
2013
980
6959
2136
9398
9368
4001
9660
2921
7171
2601
496
1433
3050
7331
4922
1206
2938
7861
1701
4479
2898
7566
438
2226
5169
9740
891
271
6253
9530
7007
3579
8845
4293
6460
2511
8388
6832
4573
8496
2490
7022
5983
8666
1849
8780
4468
3734
4897
6817
7651
1979
1512
6173
3743
8528
6306
3135
8898
3536
2024
4611
1494
8742
1768
5448
4881
3047
3449
3184
4506
815
3002
720
1260
7795
6118
9687
4262
5606
6325
316
3948
9591
1954
2864
5566
2263
3956
3490
6546
8985
9852
7393
2320
6210
8122
3164
6091
5920
4636
789
7639
1287
6341
2453
9899
2006
7941
921
837
6201
3514
233
4516
423
2099
3641
1750
9739
8493
5337
6318
2720
9212
4999
3937
6293
696
9588
3518
5264
2113
8836
5607
9791
9136
3967
9953
7929
6859
853
8132
9715
5733
4302
4095
6063
3232
4030
6795
191
3567
4008
2730
3847
765
5594
732
7984
5540
38
5086
5337
9355
3024
4383
5912
9807
9875
2640
511
7404
9279
6632
1353
7112
5677
3665
3571
9660
2419
67
1223
8704
930
4186
9588
1618
6428
2086
4314
4179
6532
6991
1761
1966
9950
3347
1209
8229
6533
8558
283
186
9643
3381
7151
3624
2251
7967
4647
2123
3642
8400
8745
610
6828
3523
6378
5183
3939
9091
1157
8985
3747
6838
5018
1071
3456
5878
9572
9624
6905
3230
2691
8747
3278
926
8312
616
5643
6123
9871
3986
9097
326
4982
2330
2890
6919
300
9337
2179
5702
5253
4617
278
2549
9002
5937
3964
3549
7533
715
7010
3140
9802
2659
7611
8776
5528
6254
6419
8827
527
2037
5203
8331
8420
9228
5248
4076
3648
6467
4238
6020
287
1817
8546
2530
8996
3880
710
1020
