1244
292
1484
8036
8031
9186
3317
1324
7918
5467
6891
8865
5849
5650
5679
4114
8972
7856
4718
788
3586
4957
3014
4066
6452
2962
2232
4646
5907
6449
2386
7985
5988
6829
3680
7151
8466
9863
1225
5328
3607
6000
5987
3201
280
811
945
7204
55
3102
6220
6931
7926
5113
723
3888
4365
2633
703
9185
9569
2814
7554
4804
967
4030
8169
1608
9317
5186
1222
7402
7051
1572
1838
51
4924
555
5319
3887
9478
3202
7787
2489
4342
7260
7948
7250
2982
2833
9511
9141
9137
4573
8233
526
3916
3211
1048
4992
5258
4893
7281
5755
6313
8894
3559
7413
4196
3041
4720
1557
9505
1441
2733
4065
16
968
4455
793
9072
1352
6919
8799
278
8708
5758
2249
5370
3856
8348
5730
1359
4886
8346
2779
6395
8095
2338
4193
1183
2604
2566
8865
4248
1797
1867
9768
4854
9029
8319
9037
6954
5981
7390
9076
1222
9498
8867
1092
9887
6792
4286
8536
872
9468
8146
560
3580
4018
2820
9776
8547
118
2716
9368
7143
8365
8001
6911
5520
5940
1998
6141
9085
2063
9214
3351
9919
5125
2901
2084
9770
9863
2015
8373
5509
6075
7506
8899
2276
17
6976
6116
1938
5851
4912
7670
914
7282
2948
2220
1972
8888
892
176
9163
2540
4638
5794
3698
6787
1485
6563
1286
6104
6882
6908
8229
2518
9167
5829
4367
4261
483
2307
5903
4834
2712
8063
49
1147
7021
4539
6491
1239
4408
9892
7717
505
2491
2195
1421
310
723
7063
3386
4412
2172
1463
8519
6715
5095
632
1052
8527
1604
1670
2288
4717
3937
5672
5770
5949
1044
33
5218
8523
9526
3981
205
4247
3311
3299
8149
260
5885
4709
8928
2723
7369
6473
182
8928
6299
9356
7197
9502
2558
1328
1154
6132
3603
95
3501
491
845
9895
2184
6920
6863
2854
7610
4801
6972
629
2293
6551
595
9110
8396
3686
8898
7440
1612
6503
5145
2836
8175
2584
3406
4289
4180
5555
9367
1548
2841
8310
4262
552
5846
4248
9237
2896
9535
5998
2810
4823
5277
3560
8526
748
6122
2834
3384
7389
8584
1101
168
7206
9218
8174
8418
4027
571
667
9461
9507
34
2104
645
6365
8116
3448
2731
3246
9798
7014
2254
6460
3692
1737
7583
5877
9006
9260
3403
5822
9535
8438
3391
6921
7256
483
4960
1558
5472
8214
3138
3848
2940
655
2858
4840
5901
8569
258
5056
4530
7416
3947
9388
3958
1715
6596
3909
7734
8790
5732
174
3347
520
134
274
5268
8825
4862
5024
867
4370
3603
8494
8505
8251
1778
4331
5129
3257
7626
3261
2768
4715
1378
6563
9481
924
4509
7311
505
9658
2100
9769
9629
379
1333
7410
9124
1416
8301
1771
8995
7597
3461
7554
2734
6615
3302
4243
7288
1739
2102
849
9554
4411
3004
8367
309
2700
2069
3996
9246
677
2445
2271
1503
9310
8352
850
6934
1679
175
2930
8257
4009
2648
3968
3157
9321
7844
7740
8454
2314
3475
5625
1525
2544
4884
3448
5294
7898
6016
2216
8335
1918
661
2643
886
6608
299
8502
891
7033
8981
496
1619
5230
8878
646
3804
8726
2341
6949
829
3331
7625
9481
5017
741
5799
2046
6748
9002
5771
7951
5823
7878
2851
4603
6271
1802
