6347
618
2475
718
7936
2723
5981
7613
706
935
1729
2802
8834
433
4604
9961
3269
4049
5273
5899
1469
7252
7063
5054
2034
6508
2047
6332
6942
103
4613
8918
8143
9074
6873
5404
5852
3393
7901
6479
3051
5173
7952
1255
4421
6347
9593
1295
8205
3003
9978
4420
6366
2351
2384
6433
1798
1163
544
5083
1312
6461
6354
734
9679
192
46
2544
3078
9703
2094
7229
9972
4913
7772
9905
3655
1291
8559
2971
3489
4937
9382
9476
1199
2405
7091
2028
4507
3242
3462
6925
2850
7655
5563
5901
8964
5188
7359
4654
5709
2868
9070
8128
9668
2854
4981
7445
1785
328
6145
2325
564
2089
1770
5838
5234
5104
1905
5430
4651
2153
4530
5299
2716
8598
2115
400
2604
328
6318
1638
182
7944
4576
5118
1685
6390
9077
5727
1912
2393
6810
6784
6994
4316
9233
2990
138
321
1476
3519
9654
1119
3914
5700
6047
2979
3464
7474
8979
5182
8026
8572
5514
3635
5107
6167
8212
8983
4851
678
5358
3227
8472
1339
5891
3590
5375
9170
8461
6172
6151
7059
7420
4810
4045
2834
8560
2451
4527
1353
3912
3375
1140
5986
8036
4612
5930
8109
7880
4042
4459
5700
4518
818
8649
8516
7837
1002
5517
7896
4626
7586
6243
3794
6384
9469
7951
279
5672
8324
85
3476
8850
5840
8321
2649
8633
6326
1595
5995
2064
1300
2006
7585
8229
3343
3105
843
5309
6264
9401
7008
8413
7366
8797
4041
8057
5537
