3143
7444
254
9848
3679
5823
6008
5567
5203
8925
9257
6442
4834
8157
2425
9996
2972
7628
3792
5270
1709
8227
4699
4192
7152
8411
9330
869
6323
1311
2278
7168
9725
4749
3432
161
1362
660
9304
2001
9038
3035
4883
5648
9077
9026
334
465
1285
6099
2407
177
1911
9264
1299
1925
4655
6298
9905
9254
2366
5621
3859
3695
4936
1026
7606
9387
2171
9809
3835
2602
3874
6008
1061
3430
3279
8470
6867
9980
4071
4203
2387
6403
5735
1125
6974
4817
6709
701
678
7773
9953
215
6165
2285
889
6437
992
8665
3443
7332
5788
7374
5880
6089
3836
4978
4525
2252
2752
5866
59
8014
9560
9897
8073
3849
6311
7365
2838
6554
4563
1751
817
4521
3563
7621
8364
9591
8749
5726
6261
2199
4329
9862
2276
6677
6122
382
1738
6572
8575
7370
5322
5615
2952
2464
2648
8598
2041
2024
109
7812
412
5985
1423
4931
8252
6037
9785
5292
1117
4050
1249
1340
7552
6611
9939
4689
1460
4401
7090
1746
6353
5748
7508
6090
4173
2166
9053
1961
2234
9921
2985
7071
8022
5768
5630
9731
3084
6854
4704
4782
4049
4507
6854
5203
926
9131
6505
1432
280
8747
9920
8390
3606
6850
2565
1024
9303
6223
2294
2760
9996
4064
5677
7690
5645
420
9861
6536
6890
6225
7771
8483
2347
9516
148
5814
8243
8359
3972
5970
8660
6851
3150
6099
9929
6212
3969
8489
3275
6413
4827
1361
5666
5061
6997
8408
0
9307
768
2218
2297
3464
9223
1243
5296
9691
110
7329
5065
1624
4808
995
9585
1147
2203
4629
6063
6638
4455
9545
6760
6974
1103
1477
1514
9327
7715
462
8780
371
5397
5338
6053
9891
7852
81
4798
2991
3423
9093
4669
2106
549
1197
6709
2840
6416
7581
5469
8296
248
7230
5551
5001
4610
4474
8939
9799
411
7209
5663
1153
3854
1081
1851
166
6491
4428
6010
6374
2763
1197
6499
804
2903
4129
612
4188
2955
8581
8401
1299
7782
8056
2451
3348
7408
6180
8164
9151
1825
6244
7820
2318
4472
8683
5649
6129
9990
8876
477
9942
7587
2532
7109
993
7358
3580
7560
3273
3238
9961
8476
797
2941
6003
1654
6032
2177
6191
438
5503
7716
4017
5929
3683
1478
1369
3489
3135
5693
8417
1763
3597
7431
1350
3612
5192
9282
5444
768
1276
1841
3940
1746
4561
2776
9012
5632
6125
6753
9677
2725
637
213
2956
6681
2740
5156
8775
1829
8894
6419
6189
3592
6187
7693
8318
9628
4625
2527
6087
4157
2256
7922
6311
8274
3076
9743
7980
4519
6165
1171
1690
4910
710
7666
1083
7792
5684
4516
1890
353
4812
5940
3722
481
7159
7929
2072
3728
1183
532
3216
8613
5423
9134
2614
6202
2125
8423
8256
7994
1047
7206
3969
9491
9462
7004
4134
5508
933
2457
482
7304
9821
6957
3680
870
710
2644
7279
387
1887
9928
9251
749
9914
8041
6825
8325
7876
4759
3630
9671
3428
415
4245
3777
3937
8587
179
4623
5159
3437
3028
7300
6725
1584
5106
2764
2432
4581
5192
3425
5854
6642
7193
4164
2067
1035
2535
1165
4475
7778
2834
3979
1627
4676
8055
4589
2689
3557
6741
982
1814
3636
9151
1656
1031
4319
1167
1863
8471
513
6702
1959
3754
4496
8991
3201
5199
9750
6629
6540
4130
3821
8529
5546
27
9228
3038
5451
6497
3696
414
6493
2147
3621
4548
1213
2294
7529
9394
2197
7170
9534
7902
8847
9780
6318
6413
9212
1879
4979
5474
5639
9698
3275
8806
1089
1969
8217
5752
6292
1580
3775
8983
6636
8741
3516
8422
1650
7948
9425
4434
9263
3222
3849
8139
1638
6104
7537
4416
9309
8705
3092
3594
5591
9776
9795
1174
3793
5162
2733
973
5641
5308
6411
6043
476
1528
665
3415
1316
9648
4544
3284
5658
4322
2068
571
6016
9844
2295
7013
7633
3578
4949
4855
8541
6287
2041
9059
202
9573
5351
3505
5327
4413
9417
8117
3168
6322
9798
8039
1546
2108
6721
3045
9215
315
4993
5225
1751
2528
2043
5644
9108
5480
7317
6148
3222
4569
7898
795
9597
7838
7173
2487
7672
5705
5661
4280
969
5840
5699
1606
9485
4436
4575
1159
3637
4848
3911
4553
1144
2053
6649
44
5702
6744
6789
3565
9024
5962
1211
1119
5885
8153
7370
8197
5193
9286
5413
8269
8749
3229
8372
1662
3412
3976
9482
8157
1631
9517
1386
1487
9976
7149
8002
1612
5189
7837
6193
1087
