8579
7131
752
7815
5663
4939
7049
7209
2661
9137
8164
4562
4784
6296
6661
2029
5462
4988
7247
734
9784
4271
1699
5784
9571
8231
6027
6209
4239
6527
9217
6225
8634
1052
9449
5207
7589
3107
6773
3776
7063
3811
893
2559
3432
2863
8919
8315
5726
7230
734
9390
461
1848
8972
8741
5047
9003
6509
8123
3726
1704
6844
1500
9481
9075
1762
9165
6425
8530
6295
6663
9797
364
3140
4175
4912
5258
7396
2725
2111
4161
7814
3292
2127
3030
2540
3727
5127
1988
5786
6197
7130
9596
6815
4859
9525
8158
4155
9400
948
5224
6064
5158
5935
9799
2921
4643
1421
9155
8442
8448
453
3601
4387
5779
2246
2081
7805
6138
9140
1043
729
4032
3914
2682
9739
8036
5444
6353
6820
4007
6735
8709
3557
9782
7001
3973
7852
5344
8646
5628
6076
8059
750
4764
3852
7386
2996
8343
5506
7196
7814
2734
5645
6755
4010
3983
6263
3308
2091
6526
9347
211
117
6284
8022
4598
8996
2438
8942
7682
7845
4559
4850
8960
3305
8223
9033
2845
1474
2772
2709
2511
7547
9436
2322
1145
6149
6717
6181
5185
4879
2577
8898
7625
4635
9817
7712
2027
2905
1790
6895
9463
430
542
5206
1316
7366
8386
6601
586
2404
6967
6287
3144
7170
4929
2581
8255
8690
6459
50
4597
4679
8162
885
3999
9995
1024
9620
164
7724
7515
911
3773
5043
1298
1341
8497
2274
8463
4000
4740
3339
4707
8912
9175
7220
2490
3323
8545
2956
5800
3297
5590
5209
7914
2137
3471
3524
9256
1718
2591
5971
8331
9979
351
7138
8577
1566
18
1098
7937
8866
9642
2367
5984
7540
5768
1705
5491
4077
9506
9054
1504
2832
4508
2929
1162
6581
7321
4122
1776
7691
691
1710
3038
6682
9472
1064
1570
1170
6976
6785
2539
957
6831
8317
3532
4396
1729
2368
494
7053
5787
4214
4165
6162
1687
9432
8151
3410
7223
8723
6550
4174
8463
1061
9861
3491
8317
4639
2816
7776
9993
799
6712
6572
4554
3462
1865
460
579
5463
2850
9684
1823
3616
367
2995
5642
6337
8767
7761
996
1242
7523
491
9838
5222
8297
1567
9854
6235
6608
9209
9652
4263
8586
5477
9763
8727
8808
1455
4112
1014
4788
9683
6960
3717
7343
9361
9759
2682
3753
3887
855
4038
2408
887
8492
5988
3461
2059
4216
4354
9908
3854
9437
1601
7450
330
2625
1391
9531
6333
8463
4588
6018
2584
3084
8087
132
4214
1482
4816
8434
828
4166
1864
2964
9266
158
3765
2928
9901
2575
9714
5746
3515
1174
6686
3717
8601
3517
5295
3080
8261
2671
1561
6821
1797
4748
5734
1234
8551
4004
8793
8932
592
6693
8323
7785
6429
7446
8089
6085
113
3519
9822
9134
8782
2971
1476
1401
7000
2532
3545
1414
8107
9742
3884
3649
1153
1797
1936
2776
7019
455
5261
893
8822
8358
4825
7577
9808
7153
645
5971
6601
1933
6060
5475
6886
9654
7159
3083
8398
1477
3718
936
427
217
9354
7216
9954
4496
1573
1162
2026
594
6859
702
7973
1482
2040
2946
5704
79
782
3628
3451
370
3262
1467
2067
5710
7797
7385
1253
8382
5565
6526
1949
8236
3377
3100
522
1159
4953
4237
354
9996
8108
9210
2985
1548
3854
4680
4021
3342
3532
4940
8733
2933
1793
8514
8429
725
6467
8939
1531
4492
1220
8072
2565
96
3241
4831
8248
8272
6146
942
2273
1742
7802
7948
9458
446
3823
6530
5507
5190
129
9986
795
1649
2134
8634
5306
7323
3903
858
7132
3778
7902
9510
8810
5327
4878
9495
4141
3122
3810
3473
3145
609
3902
7853
4323
2225
4132
497
1484
2319
1023
4879
7069
5349
1957
2866
5120
1606
9641
9705
4815
4935
3122
351
9855
245
2137
5822
9875
8926
4526
1939
7543
9759
927
485
9021
1349
7043
4609
6090
9685
1400
6117
5361
1040
5706
2180
3744
6094
5660
2969
9617
5883
2386
9716
5987
4023
8547
4788
5341
2452
8625
1522
5856
9930
9852
1750
5170
3447
8856
3214
1011
2819
9200
7426
7656
7787
6681
883
3364
5163
2524
9030
6782
771
9401
2869
9601
7254
1586
2706
8693
4155
8516
2134
3407
1121
491
8120
2743
8563
6364
9752
2722
2642
5634
9106
6415
3087
1611
2530
7840
2986
8025
9630
6184
9477
8781
252
8684
3016
9452
6824
8898
794
9522
573
2057
6788
6400
5354
744
6911
5803
2048
2217
2780
8199
9878
3373
1746
7742
8329
566
3972
8327
4849
9247
9613
1252
9016
2800
435
325
3421
784
567
3205
5185
4323
529
2262
9718
377
7124
4312
89
7251
9374
6202
1228
840
7258
2412
8052
4830
5704
1606
571
8372
1024
1354
7055
1577
749
4137
8401
2591
732
3198
3019
9983
5273
3782
1705
720
7011
3888
6308
7075
3403
8769
4253
5497
5679
5130
3442
6681
4382
4196
8456
8862
2792
7652
9538
5697
5877
6842
392
6017
7740
3536
9488
5194
4972
82
2260
6905
6801
7836
8370
9670
5489
5370
9007
4696
2009
2163
4119
285
2758
9228
8408
3342
2734
5434
7946
376
9476
7179
6337
8769
9855
9482
524
4097
8789
8588
1494
783
4903
9730
4453
1486
3217
8833
6348
5262
9062
3608
5994
5788
577
7774
3554
8687
9411
1922
1600
1355
514
5944
9593
9611
2288
864
7241
2934
7790
2429
9910
4107
6152
4867
1032
9676
951
862
2281
4785
8848
2977
2171
9679
7520
2490
7703
5442
6624
3973
1699
3385
9326
7754
527
5913
4817
7899
3088
6654
4127
325
2121
4196
2566
4216
3161
6834
2143
55
4807
5425
6448
9274
6358
7647
8639
3760
5327
9748
417
8288
7849
1213
6185
5316
9608
3698
1920
9524
3509
8030
2736
8983
3074
2119
6592
883
7259
8232
4150
2421
3265
209
6393
1579
8777
9948
2296
8335
4025
7765
8580
4113
7100
3068
2363
6196
3007
195
5398
4230
8103
9263
5519
7984
6764
3360
6864
9058
6388
1555
5551
4398
181
1828
1537
6125
4568
9261
608
478
9498
2598
2654
8447
5476
6648
3696
2085
691
8884
9505
3388
5281
6103
8039
7183
7463
998
6451
5474
8042
9135
5956
8371
5612
3937
4438
5878
4701
1053
2381
5605
3018
3718
2424
3746
2011
7608
6651
565
7018
7046
8572
7079
9422
4449
8705
6595
3436
1378
3610
3361
4428
2694
8326
689
3992
4957
1233
2619
9382
6439
8550
6432
1395
8887
2932
8126
5279
542
6885
9381
3835
5813
7135
2428
535
9471
466
8794
3159
2284
5039
8901
5248
572
3785
2182
3477
4368
8014
1523
3960
7544
123
1610
9456
8581
3970
8074
2430
2473
315
3204
6070
2713
2564
4431
6416
7215
4995
3798
4048
3615
1628
182
2983
7470
8933
1181
7791
1510
9708
8239
7342
5363
8613
6875
5008
2914
2088
3647
724
8839
6680
2902
9830
6726
185
9284
7304
8714
9385
6467
3673
560
6711
8657
676
6685
5663
9031
576
6886
1452
8470
2890
122
8987
8686
6312
1066
5091
6178
1558
1977
5606
7305
2998
5826
914
217
3042
6605
5331
6396
3478
9265
6816
3095
2217
4841
3475
8115
2228
5955
2469
52
1841
4142
5095
368
2055
3199
9046
8486
7009
2111
5169
7474
8326
7031
1377
5820
2733
4232
827
304
5008
5017
4922
6036
5124
9134
4287
2365
9254
5434
2446
7538
9205
7199
7618
758
3818
4887
7781
7574
8857
840
2960
3469
9033
8956
6542
877
6900
7267
4349
6928
8623
2909
6206
2750
5826
7062
9756
283
6108
2095
413
9275
2182
4384
4502
5342
1047
4039
4885
9840
127
7121
9653
3615
6897
6856
4842
9691
2144
7812
1548
4417
4724
1019
6297
2688
7447
8662
1086
461
9543
4065
6115
6982
1063
6465
3901
9904
8526
319
8215
8779
9115
5756
5063
6271
2856
181
5806
1919
8301
1016
4441
222
7471
6080
2029
3440
93
1249
1347
9592
5455
4627
3894
7835
2644
2750
9613
6663
6344
7073
6894
5187
5926
8381
6716
4097
100
2620
184
901
8099
4185
3094
3492
1002
1659
4691
7188
3626
6650
287
2994
8227
8514
9063
9043
6128
6446
9025
2919
2372
5756
815
9871
1506
6949
911
821
9668
4650
2571
4487
9323
8394
9820
9963
8157
8824
5779
9662
2957
943
1646
7623
2577
711
6785
4932
1539
2521
3544
2193
7225
2847
2641
8849
9174
9720
6285
509
8543
8589
6539
8370
9462
2596
5860
9354
1698
9326
5250
1593
5823
6689
2973
7594
7903
7754
3448
6522
628
8068
1546
7873
1740
9281
2310
1057
8657
9742
9877
9327
248
6139
2262
1917
2880
235
580
5255
8030
1264
2271
2675
3073
7671
7939
2196
5127
1526
541
3606
280
5162
3807
9353
6943
2370
4032
8554
2621
5843
5692
9817
7943
8442
6643
6496
461
8360
3155
7525
3417
7267
8473
8009
1450
6133
1151
6410
6044
5561
1037
9334
8424
6223
1448
677
6521
226
5798
9227
5706
6114
5768
7656
17
8620
5938
6307
1780
9228
6761
7181
2712
5162
3705
7069
8874
2510
5466
3930
5165
3836
8260
7290
2441
1880
6373
1683
1793
8684
1375
1998
6060
3896
3736
930
8189
6833
888
1714
9751
4426
5264
3791
567
1150
4281
5150
2226
7669
1809
2676
4063
2077
7273
1074
69
1327
4207
1644
9179
730
4813
4525
9368
6266
891
1899
8100
7821
4344
5072
7791
1476
2409
5368
5162
5480
3733
7325
7633
7646
1481
2812
8220
1552
8746
6382
2818
5189
9737
5410
173
8421
7442
3410
5391
5025
4748
1263
2409
954
1391
9060
9476
2945
3509
761
4423
624
6069
4902
3245
877
982
7268
6372
5373
5337
5582
1871
882
4852
2053
3811
7309
7380
6905
6994
182
115
4932
6388
2786
1980
7511
700
8060
9637
4548
4741
1946
1515
4376
4527
7941
9316
4751
2354
7293
571
4802
6497
473
8980
6006
1645
3367
1531
113
1683
5942
2651
3293
6024
2096
6051
8738
4332
6821
4313
4431
2194
883
4777
8886
2035
3791
7814
5269
9447
3007
210
3501
4955
1043
2030
709
5210
2412
86
2697
5636
9192
4934
2978
8603
7443
1162
1369
7377
6606
2695
1123
6269
612
5785
2171
1701
2493
2442
8145
7224
3949
6139
6556
7908
7548
9829
4750
5999
2026
3529
9084
237
486
5023
1131
5819
7212
2614
2675
631
1287
3264
746
6080
4229
2950
5021
7619
4463
8620
2534
892
3593
2735
8840
4326
8178
2065
508
7930
5986
2135
1169
1109
7534
7526
2173
9358
2162
6082
9399
839
2840
2022
9722
9092
5420
8913
4237
7325
6200
8533
444
3144
6247
5748
2300
9896
2223
2722
5295
2316
1182
7975
3521
9648
1185
7160
7075
9001
479
2737
1088
5358
5456
9174
2164
2338
1635
8799
4084
9582
2525
947
2249
8498
8358
3679
5539
7931
430
3023
4998
5343
7042
9415
1088
7054
3916
4820
5122
3218
5320
6875
5923
9310
2154
8319
9771
6142
9763
968
244
4662
1319
3526
4711
148
2308
1652
5898
2778
7865
6868
225
8030
7459
8121
9402
867
819
6140
8180
2263
4863
6046
9047
5242
3891
8143
4217
341
4306
266
6274
7130
753
7641
1494
9306
2711
7798
4032
5724
9278
8774
4942
8708
5211
8559
7285
3998
3082
2558
7467
3768
4860
3678
3397
5285
1172
6603
2048
3003
8049
3778
2562
1128
9032
5687
6185
7052
5213
2124
992
3408
6960
4313
7622
7987
8887
9997
2052
6264
3983
4881
2817
844
3679
4204
3034
5812
8165
7622
2072
1647
5240
9082
7776
8156
6626
902
7807
8674
7795
7897
7805
8725
1105
3054
4882
6229
2311
1008
7216
8420
7370
9352
4448
2671
9859
692
8973
4593
9307
274
5252
6968
7259
4997
2828
7355
1009
9673
8842
518
4565
5516
7556
4237
2674
4000
7627
3515
6463
6471
2697
8692
8649
6210
7234
7597
2154
4970
7511
459
8421
476
7099
9053
795
4836
7321
8296
3893
6356
5744
9333
2062
8893
9963
8083
8755
3528
9697
2119
3907
7074
7524
1811
8275
756
7467
8732
2085
250
1060
5456
324
5177
2562
6106
8517
2162
8508
6254
966
589
1961
4114
8051
4327
8464
2381
421
5831
9001
1478
5711
1313
5038
546
7729
6918
2125
2044
8989
6261
1476
9504
4940
9046
