3044
5570
9153
9946
7360
3139
5205
7960
7194
5039
6844
274
5692
9211
9097
3685
5018
6323
2766
1400
2317
3841
1622
3038
4421
1527
6362
5668
4289
2224
5897
492
2788
9343
4237
5652
6559
9071
354
5504
6443
1000
9229
649
1229
5595
4542
1081
8328
752
7374
6809
6374
2521
733
6544
4746
7018
6694
5162
1519
1520
1520
4999
4461
2810
4278
4291
9333
9917
6102
8532
6002
6590
576
6921
5613
6094
454
6629
1469
7175
2370
2169
2123
5445
9086
5820
7682
8837
8360
7722
9373
9271
8564
1080
7969
5224
3804
8696
8886
1508
5511
1967
438
3230
3175
2440
7045
653
4274
9021
1036
457
2258
1030
5073
6791
1946
8427
2226
2395
3652
5731
2232
6090
952
5455
593
7956
2110
159
1797
7653
1883
9671
9205
4491
8668
1427
1883
111
1777
7447
3053
5927
5001
1013
5699
7839
5547
9760
8378
157
1969
9620
8284
9170
740
5794
9222
4308
8771
2778
9320
1509
8340
5360
7004
9031
1682
6450
4062
707
4783
5632
1460
5442
3791
4402
6984
4594
2918
207
3756
836
9706
1585
5193
3043
2065
1005
5095
1830
1663
300
1184
9462
9902
6011
6646
6039
5981
8393
7019
1079
1360
8363
9102
5948
1316
1245
4477
7916
2218
4809
2703
1081
2652
1812
8273
2830
7599
4016
1032
7134
7478
5469
1891
7503
8072
7766
4411
3172
3102
8922
8115
1768
8529
527
1210
549
6530
4944
8833
6147
7561
5415
7902
9665
879
7195
1166
9991
7513
7056
1174
3206
4747
1871
9513
103
7911
4348
7911
6993
3500
5461
5563
7216
7467
8642
1391
2070
3917
354
867
232
2351
5345
4486
4178
6136
2555
9011
581
921
9440
3215
9226
9350
8279
6994
1593
7620
7960
6453
5914
190
8664
7849
276
1218
4892
114
9121
5259
4378
9100
1356
5108
6541
6647
213
1741
4367
4120
5995
9844
7853
3145
2875
2538
5499
5947
39
623
2702
3895
5632
4890
2378
5653
9204
4892
3658
5696
4661
3907
9063
9812
1062
7800
9234
6753
3057
4973
6973
4151
6229
5659
9132
2479
5156
1453
5718
2953
3620
140
472
4012
7071
6665
6122
6281
7169
8374
551
7786
7063
1545
7194
9586
3882
6674
4095
6953
1880
1965
1309
2784
5625
8058
5547
7999
7703
2139
4345
8361
9504
6274
9380
8358
6820
3065
53
580
4250
1525
3951
3357
3678
7458
393
358
2465
5584
6897
3292
6426
5099
6121
2891
1125
6501
2590
3986
2601
5064
4361
7583
5225
5589
4651
6623
74
3774
2437
2366
1942
1891
9030
5185
6901
302
9710
6970
5200
1821
5670
2321
6199
2893
1689
2215
3024
4170
9253
6962
4696
3138
3163
4899
2561
3188
2037
9497
6072
6747
9623
350
153
4908
4295
2842
2734
2370
8725
7213
6348
4446
365
211
2157
2401
6046
1538
8223
4430
813
2919
6411
2228
1908
9750
3911
7295
3723
4031
6034
6856
8510
2556
6711
6605
615
6177
1851
6357
9137
4378
8664
5117
5005
4358
896
4098
3700
5359
5975
9775
4116
7061
5063
4177
7363
5540
1169
6335
6739
1499
3609
7029
1518
3251
9362
8808
2757
1308
3162
4633
8865
2307
8527
1420
2349
7503
1347
9278
6854
5067
6144
3291
5358
6038
2670
2322
6248
935
7105
8515
3860
7758
7802
1898
4062
2364
273
6849
3420
9101
9877
1007
2639
2939
3567
2701
1047
4337
3956
9945
9124
4614
9954
2606
371
2682
8277
9510
2079
3661
9240
3899
7026
6110
8426
3937
4518
7412
3038
9769
9763
6164
8073
4994
5102
6360
2790
8393
5299
612
2382
1203
1766
8688
3240
6349
7404
3246
2758
8618
4520
6800
6224
8996
3237
2663
4033
2106
6698
7925
2173
3021
2444
8327
7755
8586
6398
3352
9207
8847
7013
4757
7682
6155
2391
3389
2202
3102
2406
7138
6139
5568
1224
7595
6709
3835
2974
4194
2355
2995
4818
2366
5122
3679
7153
6634
6422
5515
275
440
4959
8663
465
1986
4999
3287
6186
9403
1654
2856
6813
9154
7410
4845
2179
8744
732
1544
1097
8508
3247
4463
970
7560
6760
8141
8641
5824
5133
3024
4674
7446
8946
2521
9455
911
2758
6367
9641
7672
5780
966
7827
4224
6840
7518
6557
2201
3588
434
259
7299
4123
1784
5092
614
6392
2335
7254
5320
7069
6136
4832
7530
6953
3508
6964
2651
4348
6837
6761
7574
1384
4608
1199
4638
788
1752
2055
5471
2208
8578
6812
1514
7896
6288
7440
3340
7256
4421
7972
2715
8599
4415
8870
9745
4276
3950
7318
2445
2315
8702
7792
7589
3639
1730
6515
9789
9022
5831
6744
417
4036
889
9216
9213
3419
6506
3555
9184
8528
0
1934
9760
2842
1240
5895
4083
850
8743
839
3764
5053
5926
442
8482
4344
2513
4980
