707
9465
1733
9621
794
2222
7052
8793
808
4755
3110
3016
1765
8716
5656
6089
719
979
5838
1222
5652
2944
4907
834
7430
9710
3632
9397
7250
4056
2850
6028
5607
5995
8702
173
8015
8578
9844
9394
3475
4547
4216
2992
3976
6488
9766
9023
7206
5198
6963
5098
91
7113
900
5307
7773
1875
7291
6568
1210
5362
9821
7783
6704
1841
5890
4255
2355
1303
4092
8030
9688
4483
9486
2042
3515
8594
2102
2244
9477
1385
24
7274
6639
9765
854
9625
2025
1954
4403
5761
5034
8874
5044
5213
2316
1348
4336
228
7859
4530
3220
8304
8821
9982
8405
9601
4907
8807
9375
75
8031
6340
886
9009
9375
35
768
6555
3016
7385
4402
2881
8818
5
5311
5573
2441
3297
5994
6033
6977
8561
4327
8822
9009
5811
8653
105
1680
1124
9015
2656
8745
1910
2916
5263
6512
7119
1432
3773
5096
7134
5568
9517
6448
9846
3312
8401
4275
5249
5032
557
140
776
8548
6128
792
3558
5526
7486
4067
3803
7658
2003
4635
5583
4535
2327
6223
7434
5042
3055
4030
5405
694
3697
9556
5452
2373
7835
224
393
1633
7523
7846
9043
3918
147
3254
1603
3860
2179
9215
5892
2129
578
131
3585
9260
7943
4973
4274
4310
1961
9385
7870
5267
3139
3978
2625
