1268
1555
7257
2445
6373
8260
5287
461
290
9167
532
6300
6673
420
214
4117
872
3719
6224
1482
8850
8707
7659
8884
7997
8440
7345
7509
2477
8869
9297
2468
7292
9220
7658
7883
3315
5260
2746
3597
235
1485
6565
647
5539
1501
8371
4116
5478
8056
686
7464
8286
5512
7569
2063
830
7888
9837
9253
7353
5044
6488
9989
2991
8053
7595
8877
5351
2346
1607
5263
4591
3870
9142
3889
6156
9097
6149
1638
624
4553
1595
4851
1952
5238
8745
3827
8817
4259
4502
7229
3715
7840
8317
9341
1042
930
713
7373
8429
8629
1608
4363
5308
7791
313
5591
8876
1319
2318
2900
422
4919
2817
1821
4316
2368
3277
979
7887
724
5314
1915
2864
1301
5620
142
8102
5769
6775
5037
8906
9229
1385
7000
433
3776
1187
5187
1350
6697
8501
8104
9239
7219
4748
2352
1060
4493
9599
1883
409
7385
4786
1305
8266
3554
8594
1923
5479
1284
614
8544
3288
2600
1485
8324
2915
286
9010
393
6388
4623
318
6414
8621
7876
9524
7758
5073
5877
1753
4560
236
6407
7295
5562
9666
3491
4190
5347
2309
5231
3592
7355
466
334
9887
6873
1903
5093
6749
8111
2322
8288
1025
3422
6713
6170
8719
720
4932
3525
1159
7279
260
9641
4914
4180
9698
9962
6008
5931
1231
5167
7548
4005
6451
9487
19
1422
6541
9161
5166
7842
5866
124
7661
1123
188
1245
3554
1822
5888
5743
881
1658
2454
8754
5742
5642
2995
3465
6685
263
6554
1694
1263
6883
1608
7382
1274
331
2271
3016
7403
7587
7477
9741
9688
383
8664
1605
7604
8580
3357
3204
2396
8255
427
7854
4733
9572
7805
333
2793
4729
4941
4221
9404
5517
398
8933
2030
3383
9628
5629
6061
2262
9218
4369
134
5910
1637
7120
1999
6980
8903
2512
4861
4670
4467
8617
7029
1404
96
9427
2228
6729
8574
9206
3990
8358
3609
6453
5164
6138
5543
5790
2780
4603
5119
1796
9236
3724
7896
3527
3129
5506
8724
2269
6880
6133
9095
7916
3787
9529
174
1320
4103
8397
830
914
8337
3059
3096
1971
6074
6775
7139
5983
316
8576
4036
5804
582
1132
7452
9433
2853
1679
4640
1636
774
8606
3113
7944
511
4962
1789
9993
1142
2825
4460
4667
3521
9263
9016
2046
3194
5436
8031
8770
7125
5282
5017
4118
9755
9193
5960
5813
1202
1085
7578
1399
9343
4376
2147
8845
7879
3495
3748
7019
4571
2784
2256
2598
7329
3885
9563
5084
1010
6075
7123
5661
4445
1369
5157
8834
5472
7690
1645
8018
1583
8911
3559
7535
5140
149
3705
3841
5078
358
4026
8256
1511
1941
228
1899
5715
8894
3207
1147
5583
802
9910
8491
5868
9937
9964
9366
3232
2606
4720
272
8486
3978
2184
7272
2236
7650
4718
6855
5630
7373
6381
3034
4873
8582
3277
5575
6754
1594
3427
4273
2560
6730
2274
3303
9427
3948
6221
7885
1454
6086
9319
2674
7686
5274
7622
7659
485
6715
1594
2639
5724
2620
9458
5845
5746
1832
3372
5699
7101
7415
5950
7286
7696
5317
6785
6720
2175
2136
7343
7253
121
8915
7912
706
8953
986
2092
6626
2297
889
2764
9406
5046
2586
8409
537
8292
378
218
9158
940
5186
8488
9113
