5182
3006
3984
2829
2198
2055
6645
1225
8020
2223
3719
478
6063
4277
1893
220
8264
4588
7925
6166
5867
7037
6961
4320
3368
786
6765
3863
3631
6523
4948
5911
4117
4872
7100
1572
6468
4597
9957
6792
4256
4921
5198
3400
6631
5865
6287
5410
8783
2840
2891
7203
3693
6885
4839
5477
3456
9951
330
41
2635
5387
1146
9438
541
7426
1018
6157
4139
9838
1944
2773
8343
3198
7278
4716
5872
2213
9702
7601
4565
9432
6816
7024
6050
9322
7014
6577
6029
7166
3552
5463
3075
542
5281
536
9799
7227
8375
8851
7530
2311
4580
5886
3239
9010
7989
1476
5318
2226
4159
209
3066
1239
2521
5516
3244
8108
5439
7054
5901
1296
5038
9066
819
9877
1971
3392
5401
2231
8659
4525
4584
4597
3237
5723
3469
9049
9404
4531
3730
7526
1719
3292
5612
8373
5463
5214
8321
4547
5155
9412
2972
8093
6034
8948
3893
3808
8380
4350
6065
6095
5411
1370
8727
6941
1691
5772
7788
9675
462
9869
2581
2697
5119
5204
5698
9737
2187
3268
8175
8357
552
1504
6145
6383
4500
4946
9210
6772
6101
4810
5258
4983
5917
4112
1219
9375
9638
6943
4350
4349
2287
2453
4031
8027
906
6740
9771
1085
1270
5903
7146
1036
4132
1304
9743
6744
1683
3734
1798
1219
5542
6628
3232
6875
3407
9716
6009
6332
2697
3593
8376
3563
6015
2561
1410
4753
5068
7793
526
5572
6773
5385
3130
1735
7762
4183
2424
2691
1185
6405
6531
4109
2808
18
1571
3371
1755
5610
7087
3769
4924
2052
2315
7273
3113
4623
2191
2805
1175
6497
2696
6821
4181
9478
6176
5621
6440
2687
8596
4355
543
8558
2354
5904
9091
3948
231
3999
2673
391
8341
8786
3823
1648
8514
9831
8200
8556
3473
1053
1012
884
1342
4468
8856
3415
9594
4755
4549
8806
2335
4665
5292
2891
9013
2066
2551
9049
7077
3023
5410
7039
5904
1743
7851
8232
4382
7414
4373
3608
9957
45
7708
3028
2646
2229
6982
4352
3558
1452
4624
8759
3801
8031
5547
4283
6285
7043
2699
3006
9928
8746
8947
8630
3013
880
6431
205
56
7960
1029
4690
4427
7257
1380
5703
7199
8448
9014
8339
1208
4157
8605
260
8151
1524
5064
7388
5703
772
7286
8465
1096
5321
6697
6551
7363
9437
2460
7041
8570
3595
4184
1217
726
4834
7261
1526
