4860
6660
4400
4274
1987
3894
4457
7938
7905
9577
1908
6327
7752
7710
4875
3949
6177
4472
5949
1281
944
3080
2037
2647
9647
6270
3677
503
8218
6079
2515
860
4136
5502
4403
5265
2963
5541
839
4497
4160
4189
3315
7903
1028
980
3570
217
21
1859
7675
4573
6724
4343
3461
6436
9323
2221
8838
8238
5530
2344
3277
8568
5618
3483
5887
3010
2473
8652
1339
5881
9376
7845
9229
3490
7614
7684
3366
9851
8966
8153
4955
5231
2579
4254
7683
6395
1860
2238
3286
4959
4598
5848
3369
6866
8737
7940
6937
1692
6980
6777
3411
5196
5693
4326
7710
2374
7484
5961
7438
1065
2252
7110
2131
8175
8515
2612
1100
1481
5371
8784
9467
80
5608
6565
1672
5657
2128
6465
7932
4889
3132
2520
1939
565
6308
2972
7399
5296
8664
9953
6950
7044
6555
9132
9453
130
9983
2946
691
8856
6309
7831
8092
3440
1118
6704
2271
9565
8211
2806
6898
3519
6406
15
3665
4629
8173
7710
1007
5524
3999
5401
3606
8572
6809
3422
4691
3810
2775
1235
4690
9641
8428
4147
7868
2623
9077
2561
3252
6814
271
5285
7372
6269
2253
9892
4107
6550
7203
8593
1300
2412
420
7741
4699
9157
9543
2642
7242
4615
411
7132
5757
7167
4232
9079
7738
2771
8340
8860
8001
604
2037
7698
8767
2544
9739
6753
6988
6515
5983
5832
9584
7467
712
2697
658
2658
8708
75
4745
9814
4037
7679
6658
7725
8934
833
1620
8898
6687
5601
9003
2986
9763
2725
9226
7903
7688
9139
6157
2735
3969
6326
6692
2913
7780
9382
5098
3415
4006
9278
2191
238
4815
3533
8432
3822
6913
7261
5636
702
1342
7407
4139
1243
6810
7842
989
1995
3322
2001
15
947
197
2698
6473
2753
1419
5887
7369
8872
1725
6245
3534
4468
8815
7683
1070
9927
661
1142
7855
9885
1988
5364
5491
6763
721
3724
8254
9006
3408
1673
8436
6419
8483
4830
1775
6340
7581
7383
7604
4706
8061
4061
5805
5525
4409
6673
6686
730
2246
7965
527
9962
6287
1373
633
6418
2806
5158
7535
590
7896
3340
2192
8448
5135
3891
2931
4433
141
6713
4271
2454
4956
65
5718
60
2165
4323
5194
1889
7266
6214
4816
8581
7895
4995
6433
6441
220
4447
527
1314
6067
1009
4879
7366
9152
8873
8750
7766
5167
7488
4215
9637
8423
5503
8786
41
7234
7947
2475
3282
1299
150
8043
2330
6981
2790
5355
8802
543
7322
9464
6599
5171
9983
7338
4038
4933
5627
9997
8115
7684
9683
5214
2393
9380
7691
933
6947
4249
7077
1061
4763
8863
5094
3418
4059
3247
173
4253
85
8861
1346
4983
3151
1569
1827
4580
1867
7478
8392
5384
1857
947
7736
1025
599
6975
4668
2598
8452
4713
4680
3298
4410
4871
5211
2276
2691
1439
5751
5672
2866
7344
6826
6484
1911
4380
1842
5208
1294
99
3828
55
6037
8201
1137
8931
5499
4421
2360
5357
7619
6897
882
7029
9277
8582
3792
8814
5534
9372
8174
1647
9591
7329
219
4992
3485
1622
9034
3345
6801
4620
7553
6571
6932
6958
7530
9793
9832
7323
4233
1025
4587
8224
9189
3761
8649
60
6039
7330
3102
8442
5476
0
8948
3898
41
8517
6093
8850
8586
3054
6413
4083
3175
8398
1119
5756
8304
596
457
4511
3456
3273
760
170
5202
9344
9792
9129
4347
1955
6421
6649
6927
3143
4749
2959
5277
9918
5997
307
6828
5264
3700
7954
3820
5892
9031
3432
6692
9500
3482
1366
7553
1736
5499
5652
7847
7141
6204
6824
6087
8894
6852
4108
7373
9373
7305
825
6284
7261
453
2559
8707
7190
2276
9830
6175
4789
1032
886
8367
3389
1892
5654
5570
8628
5310
8922
3087
3705
8369
9352
3889
1156
8400
1072
4085
6670
7305
6297
8205
6683
3139
641
7759
4264
2807
7640
7011
7184
5973
5351
4534
7917
5671
5852
7723
7849
5533
7960
147
6948
7007
4541
8428
5796
2529
8446
6102
9001
2187
5238
6874
7752
2103
6699
8579
4553
2507
6352
2223
5025
2260
7161
7529
61
4434
1984
7564
6600
4531
9363
235
6822
8828
802
3701
3651
5479
808
6080
5113
5023
7661
7224
1327
197
1134
1792
5682
7145
3179
8362
6095
1418
9016
8913
3164
2552
8944
6637
9490
381
5744
7761
8486
4784
8576
4819
1573
8078
1923
4636
9835
5890
7304
4198
9924
8022
6241
1524
4264
5541
5283
6666
2500
4158
7752
69
4491
6778
2333
1634
5155
63
5620
4059
7984
816
4297
8283
7166
8056
2764
7192
7878
5750
3709
6154
572
9358
2355
5371
7818
6573
9980
9594
1653
8935
8606
5296
5272
6376
6782
4056
5359
1150
5804
3606
417
1114
6839
4768
6025
4863
2027
3324
130
2825
6806
774
178
9116
6494
6872
9195
8679
7445
9861
9764
3020
1988
7408
3254
5746
6789
2370
6615
5994
6301
2745
617
3863
6480
4411
1471
6980
9149
8606
2458
1475
3992
3475
3385
3767
3497
478
3502
1854
5920
1969
7824
6059
2743
5825
7748
9553
45
6668
4290
8422
7697
903
6322
9495
6350
4588
6787
1735
9826
8954
7005
3576
9709
8312
2938
4285
9672
9025
7525
2158
9413
6243
90
6139
1922
7173
7179
352
3263
5823
9219
2918
1057
4315
3849
1447
6389
204
9952
7616
4033
7476
5990
2394
7526
1391
2539
1590
8935
3701
1656
8714
7910
5358
5075
8355
1050
8377
9135
8716
512
7149
6814
6319
309
2243
6267
9404
9802
6468
883
9089
6535
3815
8007
8965
4719
6776
2216
4481
1453
6519
4311
3210
72
3382
9032
5869
8892
2257
2915
5862
4046
8560
8681
1998
7145
5693
4073
5058
2013
4184
1166
3906
9913
5993
6822
970
9350
4895
6177
81
4788
5288
8858
1904
8450
7299
1940
3481
720
5626
4578
8780
7630
3227
6723
6560
8409
8645
8362
358
2121
7530
6295
2928
75
4760
2673
4114
9847
3449
3175
6773
7540
1085
3041
