2844
8057
9
8177
8158
1931
6935
4023
7784
4353
5837
285
7742
7632
1671
8100
3107
1659
5268
1480
8680
8618
7825
7209
9256
5944
351
1822
8922
449
4414
7564
2161
7072
4042
6189
5602
1603
9851
6745
8194
7888
5560
1058
9298
6535
3944
8559
8746
3928
3956
270
254
7503
3281
340
9754
5644
877
2308
3181
8311
2235
6470
4047
7580
5990
4141
9735
5629
4311
4424
6857
1387
1055
9156
270
6070
1056
2107
7344
2118
1115
9235
8977
9675
8275
7798
1486
9693
3781
3501
8992
2967
1758
6464
4201
9973
93
8785
6604
7261
7263
8755
1020
2326
2927
9337
6128
359
1973
1455
2201
3132
1433
5839
9579
2328
7153
683
4607
7119
2470
6246
7727
8500
4236
1633
9213
949
2523
3496
1639
5377
9063
1142
4586
5972
6076
7634
6315
7586
1509
1876
9200
9560
8916
2378
517
6568
210
9418
7928
6933
7347
8680
9386
4151
4630
6057
566
7897
6786
314
8960
6670
9187
7554
2739
5396
5728
9020
4184
7817
6668
1686
2045
5308
3542
9268
4526
856
655
9854
4784
9389
3087
5153
3779
3394
9197
5534
1125
5777
1616
4481
3181
354
4444
5874
9061
3976
5952
7575
9425
3328
5480
5223
11
3739
405
841
1678
6954
4074
1873
1408
9746
8414
7639
4209
5509
5575
1809
4133
6510
1383
1487
3723
5356
9687
5758
5151
415
695
9146
2997
1423
8341
8323
8184
8304
1373
3629
4939
8377
392
491
7794
4525
8376
9655
3652
9655
5374
9305
4706
861
8988
6607
1612
12
1029
985
2743
6243
7298
6523
4562
9756
1847
6301
207
5675
9232
7161
8226
1336
8338
9464
1072
269
9118
2675
3439
1440
9264
4347
3825
2822
1266
6945
8793
4269
1554
4311
8327
5833
2530
7096
2417
4156
5136
4426
3524
1387
4339
7251
6963
8186
2405
7386
1372
4806
5159
5049
4437
1993
4560
6896
4832
6499
6883
5974
9934
4380
9531
4823
269
8906
1106
3026
5921
8948
8724
905
7122
7964
3772
1790
1138
3376
2315
6300
198
1006
9168
3416
733
9538
5313
4773
2423
5497
6743
575
6730
100
9126
7793
8425
5544
6717
3909
432
9773
5843
2357
1780
5561
2982
9036
856
1893
4980
