8820
2073
9468
9165
8986
9548
8055
5513
5223
1428
4933
7031
970
5943
6820
1011
8008
7654
5658
2249
3337
6370
8627
1500
6611
8291
8820
736
9664
8468
3789
9989
5126
9811
9109
2477
8115
4089
686
5714
3562
4618
2592
6321
1855
8685
6895
5414
7164
132
8144
9571
6081
8975
7997
9651
9005
5480
4764
6015
3090
655
8613
4073
3517
3796
5597
8507
9332
414
2741
7984
1187
634
1987
4757
913
9000
2978
5126
7089
1504
3374
7440
6464
4605
674
4032
8464
4046
1362
2277
8845
8323
1616
7858
9028
2838
8773
200
9620
5940
4287
6053
224
7355
7012
2252
2744
2813
290
2765
2087
6083
7562
8350
6420
1091
8989
9361
8945
2289
5920
3531
4554
1049
955
946
7626
9479
8816
7831
1775
780
7278
9256
8387
7015
8010
8426
8437
1003
4313
6824
1243
8932
6507
5157
4582
4257
5938
9780
2909
1444
5499
3084
4279
226
7887
9188
2035
7156
2858
8198
4304
1461
1232
3290
2933
6479
6503
4918
3593
6248
4589
5547
501
9273
8452
6519
2429
7890
7106
5853
1525
2206
7896
2111
2790
2155
6813
4814
66
9852
4096
6304
3817
7149
1404
3462
