7634
267
8760
3675
8861
2345
1571
9840
3172
6279
9648
6478
8073
7890
5709
601
9428
7566
7536
8893
3281
9048
8861
7787
4460
3080
5011
8980
8428
868
687
595
2543
1363
8932
6633
9076
4602
3615
3758
5150
532
2527
5024
4083
9083
4622
4703
8542
2580
2829
7029
8373
6037
3376
4377
5033
4355
3646
7152
95
7966
3190
8515
7515
132
6732
1941
8017
9734
3729
8585
9288
3131
6393
4417
7456
7499
6926
4199
3802
5877
5193
511
5573
1101
33
1211
1335
1788
974
8033
9355
8565
2276
2297
2226
2872
7868
1162
2094
3830
4038
9242
8693
899
6522
5980
6698
1354
32
8716
9832
1968
1198
5048
6641
3716
392
5784
6855
6803
3976
1542
7884
850
6149
1912
8137
1711
8731
5944
7570
2051
8016
6726
6157
7545
91
803
7840
4379
9942
5278
880
6573
5072
1580
5562
3588
1375
5090
6670
9641
7578
4073
1314
6236
4673
9714
2292
8495
8468
1430
3428
4073
6626
8084
6085
659
6384
6275
5425
4377
5512
1406
862
6754
7028
5932
7657
2346
7651
1847
5619
2620
1099
1269
6472
4184
9889
9789
3618
1154
3567
2166
6731
2022
6969
8886
8917
1221
9497
5119
5996
4297
5223
711
5913
3532
4097
972
1195
7727
6536
3217
8973
5879
7213
3313
1111
9518
9034
9796
1720
2587
4936
510
484
919
3423
8190
8050
5595
3546
6922
4078
5788
6444
992
9436
7026
3459
1273
1506
268
5379
2022
5613
5637
3402
2708
6151
2232
54
5321
8187
2036
7481
7537
3992
1615
1282
6015
9266
41
367
2172
668
5271
7205
4827
9652
4070
8269
265
7589
2494
1460
473
3701
4940
5910
4558
413
9813
9627
6713
385
8961
2189
6450
5725
6231
2907
3314
2652
7706
9725
8789
4221
2502
462
2676
9648
8345
5988
9902
1224
608
4377
6382
8857
6916
6199
9357
7856
2050
3679
8437
7755
9420
705
8487
8679
6099
6361
4443
7027
8134
2018
1158
4133
1632
864
8470
9922
3006
9216
2809
8586
8681
945
1889
4828
524
9903
8267
7312
8351
398
917
619
4945
2415
1332
8234
2204
6555
2129
6863
9265
3481
1663
6733
4777
4019
7710
3440
5806
9021
6952
4353
5342
2582
4680
6666
8809
8285
901
4725
7555
5758
4879
1471
3919
4025
17
2520
8115
8890
4947
1709
1937
3893
4721
3763
8081
8268
8063
3176
6726
766
2787
8321
2966
5207
1708
6402
9653
2191
5612
7886
250
1530
8204
8780
5452
1640
338
5275
5433
5400
7284
8117
6887
6780
3314
3370
278
8945
2455
2167
8099
2443
2921
4511
9364
1629
5413
1214
9025
8504
2269
3667
3585
5804
5265
3287
5758
5346
4756
1207
1726
3393
1814
4067
4255
2122
8020
3589
3759
5149
4671
6060
7242
5502
4275
2783
1971
6443
2446
4109
6735
9102
7547
7761
8583
6006
8779
6805
7036
6288
812
3856
972
6596
4468
5883
5585
1557
8553
8329
8136
9012
7446
8160
1575
8179
2734
2948
4538
3418
4885
7092
4688
2309
2702
6918
9960
4414
4151
3520
8838
6253
2027
5956
6492
8796
1902
7668
8327
6086
7789
5861
6305
7462
3065
6979
6258
1329
312
1377
6322
5394
3959
6840
7629
6854
3864
3677
8435
6175
6317
3783
1958
9745
1320
2293
6398
9983
1472
3218
2838
6279
8302
9806
3013
6496
6454
6285
4307
6754
4805
113
3770
6671
6266
2877
6403
8325
4812
3608
5548
9827
