2286
3540
4589
5324
3099
463
3483
6913
4009
9493
4911
7033
4219
7056
9909
848
6786
5064
4228
6003
6417
259
5771
9432
8280
6698
3564
2413
4659
3233
1592
1650
7204
8169
3788
7775
9989
2733
964
395
2634
3476
6540
548
3327
1242
5547
7283
8755
1008
566
4961
1677
2507
9034
1842
7118
6347
8650
8516
5077
4083
1486
6842
973
3600
2859
6196
5088
3054
8017
4009
8755
7649
8264
1888
8162
3525
8246
6900
6284
2186
7865
19
9693
7048
5478
183
9754
930
3896
2919
7092
9606
7060
7086
4090
1908
3208
1918
2684
1276
9848
9265
3721
7164
6931
2683
9761
7219
7228
5867
5365
2812
7105
7810
7608
1127
6660
1020
4878
6783
5477
2160
3821
4749
9152
1529
2747
4168
2160
8977
4741
9647
4653
9027
5292
2537
4348
7262
7318
9794
9766
3341
1150
2109
7789
3439
8234
6168
6767
6323
5112
8166
6190
2806
8591
6953
5343
7923
3879
5590
6286
8777
5007
9503
1018
8739
813
7899
8729
437
417
2681
6691
5813
9249
5677
7517
1398
410
716
6257
937
6443
1770
3156
5487
3426
2217
1724
3215
2717
3139
7240
7248
5629
459
7809
141
2887
1751
8650
7789
3769
3587
420
3959
9524
9379
4073
8969
1867
5877
8001
2555
135
3715
8024
1430
37
3665
7164
6643
2833
5667
81
4501
6262
2095
6565
7493
7552
211
9511
8451
4451
1316
5466
1980
2392
5711
2
2131
4586
3256
5928
4186
7164
9058
9679
1492
3300
2605
75
5334
8689
6535
4107
6988
5681
8150
6388
6297
4949
2771
2482
386
1641
3077
1459
9452
7625
2684
9689
3975
2664
5396
6164
9126
5133
3789
9443
7691
7252
2101
7685
2397
689
8746
6188
2161
5890
3208
1340
4512
2500
545
5966
8177
8852
4299
8665
5668
5645
5198
8943
5605
2668
8719
679
8430
7703
9335
8785
7244
3570
3030
7800
7523
2723
2568
6588
5631
8738
