6505
9616
7840
8763
388
8371
7521
2754
262
1568
912
4713
8883
6211
9553
6743
7254
5605
4018
5992
4399
5622
6676
1745
2853
3822
4985
2814
7189
6722
9874
2304
1773
1648
2782
4400
5681
6132
1852
5759
7280
9612
2452
2272
8275
9295
9714
503
7238
4511
1101
1940
5597
1590
5140
7354
4838
4385
8434
8017
2305
3906
6775
306
4378
4230
7812
314
43
838
2064
5473
4921
1841
6294
941
5650
2168
8256
9483
7209
5726
4657
4959
1231
800
4806
1147
1657
9478
868
9624
5175
2809
1905
2666
7807
9536
2967
9757
5747
7766
2349
9169
8071
5745
9868
9284
1324
8
6498
7890
1122
6628
1023
1478
3909
4017
2527
743
2794
3787
8447
2952
4995
9568
6717
6609
4826
2336
7074
8938
5407
4812
993
2115
4311
6802
1919
9879
3201
7959
7455
2186
9206
4382
3022
1899
6236
722
2105
4177
7741
9992
1658
6162
8519
9195
2526
1858
2093
8
3773
4681
1914
312
6714
8049
9166
4118
9149
2604
7333
4575
2797
7188
3832
7203
7244
9514
1994
8185
1880
1635
2490
5654
3210
4796
1862
271
8724
7980
7285
5042
46
4600
862
3363
7495
2161
3844
8553
5375
429
977
7767
2313
4678
7883
8113
3818
1920
9824
3034
4819
9681
8527
2597
8439
8826
4811
2150
3489
4241
8709
56
7239
9756
5484
6643
1931
6570
5485
3364
3175
7709
8152
3252
5876
4497
5624
1201
8689
4938
9407
5332
1099
7984
4330
8791
8204
2186
7630
4648
7000
1964
7430
5303
4588
9829
4080
1740
3058
8302
9900
7335
8040
970
7691
5499
7900
8158
6071
385
8391
9024
148
5145
3202
8546
9357
2742
4289
4820
364
248
7151
9375
1881
8680
5247
783
9954
6967
4695
9769
6821
412
5023
2209
3806
1174
4308
4944
8858
672
7327
8189
2355
1615
3494
7433
547
372
7306
7220
4651
8789
7760
8963
4989
8241
4810
5031
3838
7690
283
1749
7640
1842
7893
4673
9135
5092
1995
511
2608
1911
7539
1414
920
4536
4323
9004
1308
4408
7090
7467
8023
4672
9287
7332
3793
7200
2338
4100
8832
9146
4219
8860
5655
801
779
1162
308
8663
788
7997
5804
5064
990
6566
1505
8420
597
2634
3013
6263
5605
774
717
6552
2043
7550
1559
1451
3885
3800
7830
1769
5698
7546
8815
9534
2328
4810
5995
836
7911
1619
152
955
4330
6814
9219
9075
4881
1951
8999
422
2341
1522
4980
9535
1905
4010
2404
9569
8521
1888
3452
9007
5048
6547
4963
8988
2350
2384
7469
1549
4946
2780
6458
1537
6181
9543
9804
2675
4977
6556
1052
1327
2216
7808
6874
9878
8527
9778
8412
5321
6861
8234
477
7651
2571
9884
9582
6948
968
71
1661
7677
7298
8673
2990
3649
6907
7774
3310
7331
4018
6258
8410
2763
5973
8481
585
2184
6056
6448
9255
2682
2087
7487
778
653
9875
2336
6037
8669
274
1766
6713
1477
6157
3382
6354
5274
890
4078
285
7165
3051
7798
9252
9740
3087
2685
5231
9100
6339
6496
4311
3336
3476
4242
745
2447
3719
7414
8318
13
8473
9872
42
