6955
4691
2379
4699
8205
171
2433
9194
5462
2583
9042
449
8330
756
9752
7792
3609
5345
6975
2138
6164
2624
6521
9151
2598
6405
1887
3380
7482
4292
7751
8143
6855
7293
7433
1380
3923
2461
781
6037
7461
6648
851
4588
4283
5774
66
1268
3339
8019
9107
2290
457
1287
4684
3870
9618
4947
5579
233
8694
3397
9832
8945
5081
4295
9824
8888
9347
7449
6124
6995
3118
1310
5465
3451
756
2746
2954
1494
3091
2390
3738
7184
5449
2191
4734
6524
1531
4034
2739
2201
9315
8286
1285
9856
5081
8945
4906
4293
6915
7719
6174
9303
9590
2782
7784
904
8596
9259
9284
2708
2285
7506
5597
3845
7568
2189
2406
4424
6429
9829
1683
869
7622
5004
9148
3619
374
5722
4321
2681
4626
6601
2936
2280
5434
4465
988
4511
7496
4684
9419
3247
9479
8214
8592
3838
6778
8613
2037
1150
5683
5568
9717
8359
1524
6429
2071
1573
8311
100
7413
829
7613
8264
6944
6329
9995
7342
3581
9845
3193
893
3071
5170
7382
6189
8485
8201
9398
615
2037
6797
4582
3211
1430
2893
7007
4228
1416
4522
6333
835
5148
3394
2213
300
3985
4426
5292
2886
8933
7289
7163
5468
1652
6372
359
3458
8049
4878
3429
2998
2877
723
5468
7590
9481
6844
9086
3327
4862
6112
734
4730
6529
1590
2544
8812
4327
6119
397
8453
7319
1345
8816
7416
3133
5211
4445
8422
4744
8649
6371
2563
7557
6788
3367
3062
7897
7296
5244
8869
2506
8688
7918
3918
7510
4371
9572
6004
4452
4015
8325
5187
461
2444
200
5384
9391
7618
9853
4388
874
3562
5549
6940
4596
1098
4130
2658
7857
9101
1389
5679
5470
1676
8158
5634
2413
2112
2686
267
1281
2784
5418
8418
8570
1247
