2536
2008
7244
5464
8780
4270
7679
6652
8788
6510
8327
9052
679
387
9533
2166
3978
3600
4845
3115
2958
2336
7813
4967
9647
770
7728
785
4128
9053
2185
439
7526
5321
2820
3278
4777
7797
8143
7410
164
244
3982
5476
8453
7752
7731
7622
8442
107
7345
4628
3746
6847
9793
8075
7719
1521
6587
9840
5564
2631
5877
220
6871
5262
1629
2568
6122
530
434
2417
6983
9599
5611
790
8654
5274
6435
4627
8951
6921
7564
2075
9344
3858
46
6775
1748
8220
621
3218
5492
819
492
4719
5619
2505
8189
6666
424
9177
3740
289
6959
714
2931
6403
8152
2838
1142
4329
4122
6197
5971
8506
3283
8799
6657
4189
5942
6343
6175
4062
4202
9962
8798
9612
7204
2416
1916
4642
23
1885
5933
3471
7825
7166
195
3025
4323
9279
6064
6283
5011
2305
492
4373
1158
591
4737
5962
148
394
3254
5546
1383
1474
7185
6745
4670
8225
5374
2754
9775
472
3378
3752
1682
1270
7567
248
5956
2742
7064
2097
2580
1256
1013
5231
4656
135
2484
2030
434
1449
3153
6701
3280
8446
4850
4025
4389
6706
5023
8407
7332
5165
3250
283
1846
7880
5005
8628
6666
3543
7096
1575
7669
2627
6385
1947
8093
1295
9754
890
2195
7209
8585
750
2350
4760
5488
7812
2286
6343
4476
6607
5932
1840
8348
95
2188
681
8633
4261
794
9533
4144
1358
3465
3981
3920
3403
7446
4388
9118
6363
5745
4548
6303
5935
9425
6699
1482
7814
2554
8010
249
8912
9675
1751
4411
1118
8987
995
9616
5867
1825
3953
1663
6066
475
7793
1399
1702
1886
2167
9434
6866
4411
4561
2232
8849
8366
7056
595
4476
8881
8141
13
4896
1310
3771
9928
7697
5269
9077
5545
4371
3287
5803
1518
1945
3996
876
1572
9873
7812
8311
1905
7175
5132
110
9095
265
3222
1751
5153
8876
8164
4406
3345
6096
2518
9130
8458
8608
7658
7912
4305
4975
2166
2700
9423
3004
4083
6301
9157
2076
5381
8407
8646
2698
1552
5880
6536
3465
7892
8937
3742
5117
6737
3884
4982
2469
6694
8647
3440
7580
5719
9519
460
1750
4811
6236
2879
9660
8025
7823
347
6305
7548
3441
3749
6238
9618
920
3754
5073
8277
613
5391
5217
9085
3736
570
1350
4233
2469
5509
6309
3803
3742
4121
4706
5341
9845
1618
9881
5311
6803
4807
9599
1590
5779
6848
7264
5672
3698
4622
8383
6944
6738
6264
6503
9069
4381
4921
8905
307
2306
2313
9976
5396
9556
2332
9376
6558
9161
536
2828
5103
1635
179
5739
3149
7659
9181
3674
7053
9645
5319
9190
279
1837
8853
1507
3644
5168
2759
4084
5155
6167
824
5267
9960
8864
2941
8899
3351
4882
5137
4999
6206
9667
9084
5459
2758
2174
2157
6067
5187
1208
4459
4117
8150
4117
3661
352
9082
2550
1976
5080
6864
5601
2151
886
2283
2793
979
8593
8604
8126
9474
8868
9538
1627
8623
9150
4875
6758
8417
4511
1183
396
5710
1450
6062
7077
3395
5650
9692
760
9381
8283
6651
5425
8861
577
4322
496
7538
3043
1608
8298
6581
4032
3103
8543
2378
2063
9421
9174
5405
7805
3933
3829
2928
4466
9817
3617
9657
9892
9040
4979
8956
9733
6645
5968
4788
8640
9551
448
1144
5675
8964
3449
1422
849
9459
1171
4917
2016
5809
5999
1424
5254
704
289
7783
7261
2670
2654
2128
5341
3668
7018
2603
9075
175
7802
7347
7948
9805
4248
1640
840
7997
3138
6322
6586
5691
1919
8791
9598
9476
3612
4208
929
235
766
9883
3084
4989
8228
264
6426
9321
3487
3402
6020
4549
8984
2354
466
4625
2917
6557
8389
2659
3791
8912
4055
5880
9267
4042
876
921
1677
1979
440
8332
1009
9402
5164
6414
1118
7480
4631
9661
6467
1356
9291
6338
4785
1335
267
3107
5693
9994
761
1940
6565
2566
2764
6074
4692
201
2597
7235
9135
7021
204
5964
6574
2208
39
514
2949
7845
5894
7489
6689
1648
8085
9160
9933
1341
9049
8242
1336
3997
2556
777
7708
9342
2550
1761
2095
791
9895
6134
2683
1734
9207
9859
372
7492
3392
