6140
7305
8407
2741
4166
1192
8239
1001
4629
6686
9994
6838
6284
7364
8039
203
4549
1435
7753
4771
332
2702
971
9530
2229
6856
2363
2052
3079
5485
7293
9617
2276
7241
5970
1600
5924
5432
8370
1475
7995
4010
9289
9683
6930
9372
3178
9189
3814
3693
3930
4045
211
6628
5682
7486
6000
6105
6862
222
181
5700
1230
1404
465
5574
6417
4500
736
6369
2655
7787
8948
564
1762
4503
1884
3811
9222
837
7356
9553
251
883
8870
3816
4102
6437
2565
3506
9556
6095
1341
738
8527
2494
6451
7811
4018
8729
2583
2246
3302
5002
8466
9012
7102
4367
1369
7508
821
2072
524
4202
4397
6464
1459
7881
3266
647
499
3427
4054
3205
6294
1737
5148
3127
3120
7947
4090
8831
8918
7499
848
3637
9560
9708
8466
405
9671
1515
332
6158
9487
9878
6353
3488
6683
9845
8703
9254
1895
6801
1502
2720
6730
5584
7741
4609
3482
6210
1130
5762
6459
5815
111
9126
5870
9066
6241
1582
6552
4792
9399
2779
5463
4861
7788
6576
3846
2448
1632
6977
2221
740
5593
4475
8964
9853
6458
649
6147
9304
9451
8534
9479
5689
8635
3781
2776
429
4305
6980
1169
382
3015
627
1449
4964
3941
5172
2389
6955
8660
7337
2666
656
79
487
9098
232
280
1198
3303
3152
6315
8371
597
8481
7640
1255
994
7434
8785
563
8489
4102
6103
2496
1448
7534
8007
8941
3931
2459
3978
8361
5001
4882
8778
990
691
457
4839
8786
1199
8144
7570
5356
4069
8970
5465
3508
2686
9887
9317
8463
8202
5717
2583
2863
2195
7939
8021
5670
6813
7692
4062
805
8928
1790
8084
2955
4923
4745
2738
7361
3118
6879
5784
7582
1581
8415
3520
264
60
2129
2806
8747
6143
2624
6947
7979
7392
8567
6241
1671
3137
5328
4865
8855
1936
9406
1977
1117
3259
2721
6374
3624
4860
4408
878
2801
537
108
4727
979
6472
3905
9685
3698
8204
6037
8331
8458
4431
320
1036
4679
8308
8791
1519
3352
1654
7537
9535
1499
2620
6854
3263
872
2716
978
3264
2581
4851
7434
4475
9303
35
3735
2678
4587
6748
9663
7084
4363
3625
6603
1269
9250
3073
1564
530
7494
702
2383
4940
7439
3045
2387
3859
5331
3952
7281
9476
8946
8240
4422
4062
41
9718
4782
8054
8952
9530
888
3845
2792
9933
9827
3181
4668
8065
8990
4475
5059
4048
3660
9991
8117
7858
9768
1877
4997
9781
2190
309
3535
12
8809
6643
8616
3951
3219
9394
367
1112
4455
1112
7972
7195
393
9777
5339
840
2585
9199
1108
8860
4219
9113
9575
6335
9583
7118
971
849
3011
1450
9249
3358
7590
5679
3035
1727
9103
3843
726
6776
8651
7317
3841
4855
8194
2710
3695
5422
6841
3514
5206
6858
2163
6864
8248
8869
9987
785
1301
5207
8222
6615
4400
6145
5080
5882
8348
6209
9740
876
5011
8941
3983
3394
9139
7192
6606
6668
5592
4344
8533
1396
7131
9172
5469
7948
6985
4637
6636
3313
7316
8792
2720
3182
9365
4205
3466
6664
3612
829
5556
3555
8570
6082
4363
1856
4994
5047
8981
6254
8215
3184
8525
6680
5087
3689
9103
9726
3579
1763
5117
4685
2465
8407
5563
328
5734
7125
5868
8084
1358
7896
8465
2288
6895
4142
786
8364
5011
52
7646
5376
471
7611
6080
260
6418
4915
4645
7219
1788
9989
5882
7259
3657
7197
215
9663
7959
6541
1890
9295
9546
9696
2739
1092
7893
450
7519
5801
7860
1361
5390
9129
5897
2926
5663
9785
820
6318
2403
627
4862
5837
1679
1087
5095
2629
7293
8362
7508
6926
5685
9491
6036
2098
8377
6348
6665
140
773
844
2364
4875
9463
8179
8054
6100
6247
1854
6054
5190
6034
5331
1569
276
7482
1737
4618
6971
9804
4805
9514
8886
6503
1354
5544
654
6976
8065
2777
5058
9893
3034
5087
4971
8070
5652
8432
315
3126
6721
6159
9999
9664
4407
4722
8890
2924
618
2536
268
897
6707
1923
4942
1752
7002
9111
9209
94
3639
42
5190
1035
6353
420
8733
9364
6512
6848
2010
2213
5481
2167
239
7506
3633
2200
4541
7230
7802
2968
5824
4102
1755
7148
7832
2555
6438
6060
996
129
4111
8788
2567
3348
3292
3171
2678
2939
9453
4348
415
6853
9776
5310
8786
5978
9004
476
2537
6644
7342
7684
8177
6078
743
6217
1293
1806
8491
8464
2247
3677
2927
640
7690
7657
1425
3651
1986
3826
1276
8605
9599
7127
3991
2742
6752
8327
6735
643
8296
4368
5100
2435
3579
1852
3206
5425
3357
4724
4272
8106
8293
7411
7199
5790
8438
7646
2480
5266
2228
8988
3784
1822
3004
1660
9946
5741
837
1741
5774
6939
7517
2986
9065
5800
2978
2569
5555
5483
2139
1914
3114
5944
2166
6442
1466
2777
1491
3534
3914
4599
3594
6311
3155
1131
493
1925
4100
432
3184
6974
2812
7769
8838
9401
2178
516
7488
5731
1710
3168
4132
4922
1024
4069
5707
5196
3950
758
6242
8264
2982
4002
7622
6101
1836
1493
7885
9052
7243
993
3730
464
9795
9238
9010
2263
7654
7321
6379
7945
6240
5476
4994
4289
1627
175
3166
775
5318
