5989
1787
1186
9680
6899
4077
4221
1940
8085
5145
6225
8289
5207
918
2110
2684
1528
9396
7932
6552
1965
1950
4308
8127
2862
9864
3021
8735
8873
878
6655
1780
4439
2232
1759
7700
4972
2529
3159
4805
2023
4662
756
1550
7493
5972
463
566
4243
9846
7742
8544
4340
5020
5633
8945
1605
5023
9141
6420
2168
375
4348
2828
5236
443
3769
4761
6480
173
9060
1634
8075
9311
8474
1530
2708
8195
9191
9267
3699
4697
4033
7415
9704
1488
7944
6384
477
1436
2138
4108
9606
1661
2786
9345
1250
3515
6777
5159
506
6621
9187
754
1230
9962
5847
533
884
1992
9679
8942
9319
4742
1298
8505
7232
3986
2805
6299
538
8666
8654
1022
8834
7980
9026
8834
9760
3820
9206
1169
6132
9552
3165
1830
9451
3535
717
3875
1632
7250
5450
9000
6600
3382
4946
3478
4793
8829
5725
5006
6548
1219
2820
4302
4840
5231
7913
3738
3908
6796
572
2858
7956
9061
4279
7234
3257
3914
2657
2816
7788
6811
1590
2610
4816
658
9784
6382
718
6603
3714
6903
2803
5706
2867
8194
9843
5692
7754
2200
6652
1224
6221
398
4112
4501
3272
5926
7798
5350
5833
10
1556
6441
6670
3699
7223
9788
1009
2217
8072
5265
5322
4606
1456
499
236
5739
5691
4235
8493
1307
7222
2014
4569
8883
6784
3833
4642
9829
7441
8374
4365
7434
3147
7301
7174
6455
3766
6197
7687
8001
1415
5739
3198
1567
3355
7887
1192
2964
8747
7052
2380
2848
77
5488
6834
5643
5227
5468
5446
2709
2847
8200
192
6833
1926
917
4416
7330
6282
9050
8748
6327
6075
10
9131
7207
1369
8738
935
5567
7287
2872
7153
1565
6358
7165
9275
56
1283
2612
6596
1548
551
5639
3426
2661
53
6655
3970
9543
6204
5287
1464
1438
9912
1719
1602
4540
6219
9657
209
8114
1391
6686
1702
5902
7844
2039
7927
5866
7399
117
6654
424
5042
503
5222
7516
8625
1683
7592
76
4769
6156
2443
7781
7589
9263
5834
302
4809
2640
4417
5721
5332
5963
4253
1259
3405
7369
5838
5994
7144
3820
8139
6887
3345
7514
3132
80
6317
3450
7641
9185
5722
6244
1108
1081
7336
1384
6338
7575
1054
7237
5227
8248
2474
9372
3032
5743
7963
7957
2806
9855
8226
2396
6319
835
2099
4713
8971
5562
529
4654
4008
2395
521
5015
5688
1897
219
5271
1964
919
9212
5209
4690
6987
2663
8006
9448
8424
3938
3931
7614
3171
8012
1697
512
5893
7138
4369
9176
8635
1025
710
3534
5003
6042
836
1705
1693
1910
7152
3449
3992
9713
7682
1846
3851
2117
9098
3759
79
5212
1035
2765
286
1542
1600
7886
3288
5571
6384
7668
8874
6075
9726
1940
9082
4783
7517
2955
1397
6948
5392
3466
9683
7490
4812
1836
3064
5821
2245
3251
6452
3577
3402
1723
8983
2052
5355
9757
8225
362
4204
1213
8701
1102
4968
8246
2984
7571
3340
5000
2471
5516
6085
9172
2737
2807
7940
7518
5352
2418
8127
2909
4001
7695
8847
8645
7791
3985
1428
385
8770
7409
3229
7285
3816
9821
9834
1696
3338
8766
2596
1153
471
2700
1156
7259
4879
4593
4247
3571
4629
1605
9729
8594
8152
4552
6643
618
5810
8512
7847
8280
7217
5128
1714
4425
6145
7880
5327
1183
9553
3967
9612
960
1114
262
8950
1501
2447
6268
3918
3113
7189
4020
6060
2712
4050
3409
7809
2399
5015
1553
9050
9992
3976
6526
4186
5104
9273
9007
18
7173
823
216
5292
1195
8841
904
7331
2801
6513
4075
9798
6808
3394
3641
8375
2392
9812
2265
7888
3645
5078
4286
5228
6417
3940
3789
7346
1082
6388
3650
2525
6125
5626
8702
6144
9335
7882
5039
9278
1746
5513
7911
9546
4480
1866
2671
8896
159
2278
6803
2237
8654
678
6173
4170
1592
5370
5357
8481
1273
716
120
6479
7422
3728
9969
5816
9558
5820
55
980
3649
374
4654
301
9221
6173
8940
2032
7106
5262
1852
3804
8602
1320
473
5613
3994
1265
5506
6367
2103
8465
8234
7996
2788
680
1619
9129
1221
9657
2086
2431
6100
2140
3996
5834
4006
4021
5787
8098
8570
308
5341
3415
6274
3644
2260
8084
342
3246
6425
4685
373
4261
5457
5649
8215
4829
8519
8609
9848
4377
277
528
9020
2100
6773
6208
804
8944
4463
9540
2303
9937
4749
2557
3307
6243
8941
8247
1890
7926
2802
7922
8621
9092
5545
2934
8386
6810
5504
3523
619
4010
3553
4663
7200
4413
5792
9938
2186
4488
9015
9651
9151
3402
6066
8657
9922
6976
3277
2747
3232
5792
8900
9783
2981
739
9686
3248
3599
1556
2581
1407
4357
5199
9886
4822
5358
1237
9165
8647
5439
909
3683
3796
6221
4939
5246
2871
7160
2785
8894
2560
3597
2581
8136
4099
3545
6725
145
7353
9192
2795
2638
2105
6007
3260
8063
2180
5686
356
6136
4225
9178
4355
2794
3129
2562
4519
2163
364
1621
2004
8304
9834
650
3153
5163
8233
7227
9749
6406
3351
7465
53
1647
4300
5631
753
1952
2196
7895
5304
5415
8486
2454
8560
3149
816
7331
1099
7061
3094
2699
9180
3425
7237
6789
7876
453
8991
3121
5626
3813
9152
2104
8158
1369
4545
1891
8539
7272
208
1769
7996
6001
5329
6369
9031
8920
756
474
8378
9518
5095
2319
2383
8595
9803
7943
1493
7370
1029
364
3728
4715
7446
5108
9239
4557
8800
8032
9350
860
9530
2210
3853
521
5394
8186
9739
9043
8797
5897
3042
9892
258
7171
3022
6090
9274
4876
4507
1758
7761
8496
9921
2106
3174
6207
7230
2667
6463
375
3851
2437
2049
6790
9427
1054
3219
7939
2306
7106
6465
7137
5523
3284
2620
3450
8159
4143
954
6979
7054
4013
4765
324
2008
5769
3500
4790
4873
6055
6901
9296
9205
8877
1317
5797
2533
7460
6904
7546
7700
3749
7177
5542
3246
5986
9141
4089
5325
7461
3044
8574
5282
3670
5698
7280
7666
919
276
4330
3215
6691
8488
2721
139
973
8149
4785
