16
17
33
34
49
51
55
95
118
134
168
174
175
176
182
205
258
260
274
278
280
292
299
309
310
379
483
483
491
496
505
505
520
526
552
555
560
571
595
629
632
645
646
655
661
667
677
703
723
723
741
748
788
793
811
829
845
849
850
867
872
886
891
892
914
924
945
967
968
1044
1048
1052
1092
1101
1147
1154
1183
1222
1222
1225
1239
1244
1286
1324
1328
1333
1352
1359
1378
1416
1421
1441
1463
1484
1485
1503
1525
1548
1557
1558
1572
1604
1608
1612
1619
1670
1679
1715
1737
1739
1771
1778
1797
1802
1838
1867
1918
1938
1972
1998
2015
2046
2063
2069
2084
2100
2102
2104
2172
2184
2195
2216
2220
2232
2249
2254
2271
2276
2288
2293
2307
2314
2338
2341
2386
2445
2489
2491
2518
2540
2544
2558
2566
2584
2604
2633
2643
2648
2700
2712
2716
2723
2731
2733
2734
2768
2779
2810
2814
2820
2833
2834
2836
2841
2851
2854
2858
2896
2901
2930
2940
2948
2962
2982
3004
3014
3041
3102
3138
3157
3201
3202
3211
3246
3257
3261
3299
3302
3311
3317
3331
3347
3351
3384
3386
3391
3403
3406
3448
3448
3461
3475
3501
3559
3560
3580
3586
3603
3603
3607
3680
3686
3692
3698
3804
3848
3856
3887
3888
3909
3916
3937
3947
3958
3968
3981
3996
4009
4018
4027
4030
4065
4066
4114
4180
4193
4196
4243
4247
4248
4248
4261
4262
4286
4289
4331
4342
4365
4367
4370
4408
4411
4412
4455
4509
4530
4539
4573
4603
4638
4646
4709
4715
4717
4718
4720
4801
4804
4823
4834
4840
4854
4862
4884
4886
4893
4912
4924
4957
4960
4992
5017
5024
5056
5095
5113
5125
5129
5145
5186
5218
5230
5258
5268
5277
5294
5319
5328
5370
5467
5472
5509
5520
5555
5625
5650
5672
5679
5730
5732
5755
5758
5770
5771
5794
5799
5822
5823
5829
5846
5849
5851
5877
5885
5901
5903
5907
5940
5949
5981
5987
5988
5998
6000
6016
6075
6104
6116
6122
6132
6141
6220
6271
6299
6313
6365
6395
6449
6452
6460
6473
6491
6503
6551
6563
6563
6596
6608
6615
6715
6748
6787
6792
6829
6863
6882
6891
6908
6911
6919
6920
6921
6931
6934
6949
6954
6972
6976
7014
7021
7033
7051
7063
7143
7151
7197
7204
7206
7250
7256
7260
7281
7282
7288
7311
7369
7389
7390
7402
7410
7413
7416
7440
7506
7554
7554
7583
7597
7610
7625
7626
7670
7717
7734
7740
7787
7844
7856
7878
7898
7918
7926
7948
7951
7985
8001
8031
8036
8063
8095
8116
8146
8149
8169
8174
8175
8214
8229
8233
8251
8257
8301
8310
8319
8335
8346
8348
8352
8365
8367
8373
8396
8418
8438
8454
8466
8494
8502
8505
8519
8523
8526
8527
8536
8547
8569
8584
8708
8726
8790
8799
8825
8865
8865
8867
8878
8888
8894
8898
8899
8928
8928
8972
8981
8995
9002
9006
9029
9037
9072
9076
9085
9110
9124
9137
9141
9163
9167
9185
9186
9214
9218
9237
9246
9260
9310
9317
9321
9356
9367
9368
9388
9461
9468
9478
9481
9481
9498
9502
9505
9507
9511
9526
9535
9535
9554
9569
9629
9658
9768
9769
9770
9776
9798
9863
9863
9887
9892
9895
9919
