6387
1115
2714
138
9951
7373
660
2003
7148
6072
4998
7210
7308
4241
2925
6904
2038
5756
5418
8370
539
3939
5028
2709
9223
5450
9256
4008
6639
8332
1784
1261
6697
6396
6041
9965
8106
6749
5592
6384
5538
7178
3644
3785
8567
5378
9634
6609
7684
2540
4259
5500
2803
9712
5632
3395
8605
6503
8247
470
2767
8208
3396
3612
7697
9235
4315
4342
3706
7834
1886
7594
1773
9561
7021
2639
6974
4651
4012
6539
9486
7539
5052
43
8656
5115
9906
5550
7045
4020
6290
6897
5591
6240
5883
1108
8071
6591
8109
2964
2895
5305
8826
4260
2941
3832
3897
992
9597
2262
8218
3315
5490
2286
9281
5120
1480
504
545
2337
7392
3073
4019
1651
2729
4166
3301
4227
3099
7543
8046
2260
494
2620
8320
9672
678
3899
2649
2141
8962
5320
6664
5766
6397
9188
247
8166
2046
2676
9783
576
3409
3594
8744
4564
6281
1111
4188
2456
7400
6424
8951
6185
8054
2966
9358
5391
4532
5723
6032
1870
1731
4416
1101
4157
9552
5913
8463
2979
7824
7069
5105
5593
4396
387
484
4603
2766
1402
7904
4770
172
8457
6504
9512
4414
2706
4974
7351
7836
8580
8456
7369
9882
2696
8206
1919
5443
2275
9559
4255
4789
2458
7466
8579
2311
5640
486
35
5544
4894
3470
2610
2941
7890
6384
3621
8760
7326
1717
4460
6074
8818
5762
8649
4394
7430
9677
9872
6696
9613
4679
4629
1724
8152
1994
6440
1384
3929
2252
1093
9757
9790
903
5362
9804
8629
5925
4790
6178
9883
1604
9708
7753
6120
7497
2459
1428
4086
4811
2961
9564
2684
3383
4222
7032
3692
1213
4149
240
9731
5069
5146
9755
7968
5055
8336
170
7375
8262
4990
5711
1951
6589
3770
7772
2261
1691
8700
1007
2903
5600
9481
7924
4042
9046
2676
8039
1049
749
9606
6518
7435
27
4359
9030
2795
1952
3241
4008
9258
8986
5171
919
7070
5525
1104
3290
2370
2128
9345
8198
7962
4312
2802
9773
925
6760
3697
2801
9317
7545
982
3989
3850
8550
5864
2646
9459
7631
1168
9589
5970
5291
1054
2933
6691
3624
8562
2092
8689
8127
9849
6796
8759
3587
5605
6218
4640
3734
2096
4412
1917
575
6582
2173
3214
3419
4421
2172
7783
9477
8068
3732
6402
7625
1426
6011
8627
4425
6488
3466
6832
6813
3073
5502
4277
9017
6604
2973
2445
2194
3330
7809
6289
4056
7193
8465
4708
2298
7591
3113
7552
62
2727
4546
9779
3842
8926
5597
7995
4251
2324
1565
