8584
3622
8830
571
1028
1515
4598
2018
2618
3431
4957
7613
2540
1088
3490
3884
3035
340
8087
5356
7734
6826
8690
9171
1192
1355
4943
6562
5441
7588
199
8265
8848
4984
5388
5270
9692
650
6087
5927
1933
4823
8806
5353
3439
5979
7983
3327
7587
3278
3468
2432
7595
5975
9390
9052
9201
1711
9205
6031
1380
8215
8445
7277
6681
5791
6268
1423
2439
1240
9203
3754
1666
7348
5701
3054
7710
5923
8062
2777
9921
6520
9090
3971
8526
7455
4438
803
5637
467
8047
8164
5925
5500
7259
4870
4862
7463
6269
5241
4629
2537
1422
6502
7792
7635
9520
9344
6699
2947
781
4247
2143
4156
1406
6725
8316
7879
6781
512
2335
1161
5279
8891
5670
3423
4348
875
1719
7196
5122
737
8450
2147
9116
6520
7558
5473
779
5580
1886
526
2609
2968
1011
4732
5363
1504
842
7298
4474
770
6822
6984
5213
5936
1921
304
3369
6316
9965
942
5237
7863
2072
1828
600
3438
8949
2418
4998
9605
4656
4992
3120
