7623
423
1707
259
8094
327
4622
4396
4066
7061
7816
2634
5059
4606
5536
7574
2677
7567
2626
4936
1938
9507
589
8557
6243
194
3797
3902
321
4844
8155
2866
7754
2349
724
6775
2281
6202
252
6330
4967
1390
5431
6956
2557
2855
9770
5531
5841
6318
9424
9786
696
202
3061
4794
8642
8227
918
1936
8183
5810
3535
4463
2996
9847
9367
372
8118
676
4459
7681
682
7048
6678
9385
7454
9810
1592
5406
7464
7647
7066
6643
4358
8727
8837
1882
9735
5369
9925
1767
5719
4967
2578
5299
2272
9321
2658
3385
2348
6236
2845
869
5893
1825
2857
3151
1907
9265
1995
6029
6296
9959
1764
7703
2110
6000
4056
28
7875
8664
3426
2047
9229
6215
411
2592
8808
5768
6441
318
9453
8152
9976
8911
6186
1770
7731
2424
3121
1297
4536
679
2500
9747
244
7533
4396
7877
2415
5396
7250
3230
8997
7877
1395
2197
6131
8672
9981
2397
2386
8866
4319
9411
2202
6762
3528
1442
8161
3966
1636
7823
3780
9045
8757
2468
5999
5341
6837
1333
9252
2686
4603
3754
1064
3715
814
1116
2506
4199
9677
2750
5500
3446
7403
8145
2987
5145
4247
6651
7237
1278
2122
653
6245
1688
3869
5902
8054
9755
6642
3142
8109
233
8466
8480
5292
8768
4047
6033
8169
3877
3140
5317
4142
1216
2399
7567
723
6897
9512
9704
9917
1252
6664
2052
3855
7004
8862
6030
2226
6098
1529
1061
9809
7584
886
5711
5465
4902
155
6677
2318
4662
4329
661
2526
607
6401
8399
9055
5802
8307
7148
1157
3322
559
7793
9881
689
5591
5400
4881
6162
1138
7512
4028
5595
1657
2800
2873
7032
7743
3755
1910
6479
5769
1031
5734
2341
2575
3805
9707
7931
2913
12
6553
1115
604
2715
7392
7700
7841
3994
9195
484
949
5759
3365
9011
5043
7642
8198
6032
4498
5751
1364
5432
908
2485
7226
2964
5317
6824
7800
5480
6887
6557
5469
6598
5888
8777
201
6718
4933
2600
3914
3123
8696
8597
9918
1562
9011
2671
5895
4127
9232
8241
4750
9521
8965
9509
8850
866
7929
298
9673
3105
5539
7514
6675
6733
1082
5620
6314
7112
7827
8681
4613
8931
3284
9527
4352
3542
6958
1352
1082
2802
6423
5694
494
6851
2290
2135
3350
4808
2774
9310
3211
6764
8909
3832
6479
2625
2230
3618
3875
8400
7723
4742
7458
3335
6205
6441
7473
1906
1940
7178
8920
3194
3255
5779
8570
6344
6213
5559
9375
4948
3951
6107
663
5053
7249
6920
9367
1169
5042
9440
9613
2216
7169
9202
5462
4605
5455
7803
4304
2851
3398
5162
6499
8998
9162
6176
201
956
1398
2263
8994
6366
2457
7539
3964
3042
9000
1393
1132
9209
5684
4101
9792
6766
3660
9761
7249
8637
1948
1331
651
6906
6391
5831
7226
