1291
7182
8836
9512
7543
9735
8525
1067
5724
5907
321
9571
4594
5409
4774
4584
534
1720
1545
1047
7436
5176
464
9805
1472
6347
1050
616
3210
8418
8001
8495
9092
4123
9860
7438
6637
4884
5594
9136
2897
7243
9098
8063
3665
4419
4836
8551
1754
8888
8709
3845
6223
5220
7064
1985
897
1150
3268
8383
9695
8775
5725
419
8391
7153
3335
5039
7211
2147
4477
6424
6402
9299
3357
7070
7350
785
3248
2333
5116
8037
9565
5408
4379
7491
6980
7015
9679
8097
3875
1635
2590
5750
4289
57
2982
1562
2238
6188
8886
8051
5764
4627
9672
9737
8438
4327
171
2384
4124
2814
9218
8188
6803
4921
4676
2566
982
9735
8391
1901
9814
9575
8815
574
7415
5196
6013
9945
9077
2144
3665
1527
8083
4194
5325
1574
644
1170
7678
4503
1126
53
1823
8169
8164
293
4730
4843
8550
6484
6912
7948
9818
4155
9099
6109
4349
7350
236
2838
7546
9849
1479
2359
67
5438
6031
9442
9517
6457
2638
3908
48
4012
1356
8507
9332
7697
3807
2228
1086
7447
6546
9806
7928
5239
5412
2166
3709
9735
747
1851
6673
2717
8251
2129
4817
2136
7882
8347
2610
2978
3709
5415
3911
3783
897
5806
9341
3607
2125
8341
7628
1518
4642
9235
9529
8273
898
3334
9813
7752
234
5306
7472
3922
6450
7666
6860
7632
6263
4929
2763
6375
6627
966
544
9319
4675
9636
8472
9347
2666
7206
3061
3646
1711
8695
9863
4449
2305
9300
1523
1962
6717
6369
2091
2193
8146
6992
1620
3444
4217
1224
7881
6556
7883
1197
2676
5660
7064
1918
8653
8124
5481
456
8833
4689
1048
6360
5065
3370
4914
7669
3581
3567
3795
3683
5463
103
570
7770
7371
363
3319
920
3209
1612
909
9512
521
9665
4072
8804
6362
4572
4493
7022
6165
3775
848
3623
5682
8219
9977
9288
448
2388
3388
4509
9459
4858
4169
8252
9709
2060
7042
8117
6105
4233
4758
8658
6870
9235
7344
5069
8023
6797
6810
5336
1768
3144
8830
5109
2702
3422
4643
6069
2641
7342
983
355
9535
1595
3162
724
8510
1188
6628
8592
3316
624
5284
9793
4674
5047
646
990
7912
911
4528
8027
6048
5511
9350
1183
6078
4816
4392
1311
5567
9421
3378
5112
3885
9164
8596
7456
7394
7986
9453
3553
754
1919
8825
4060
7136
4780
8867
1732
8553
8076
9037
9116
3828
3916
3024
2962
5750
2314
7966
2520
871
7173
8925
5692
5090
8427
3907
9146
5687
1382
9903
5900
5775
8100
8387
6660
297
9844
9508
9234
3621
4049
7829
3717
7555
4075
8848
9821
5178
5070
4803
6733
262
4676
275
5158
4267
3042
2971
5872
2885
2597
2738
8988
1945
4413
2321
3423
8123
4607
6681
6593
3341
1216
3805
231
3016
9241
8814
9408
7360
9148
4965
8342
1859
2022
9621
8362
7723
2760
664
534
5618
1249
8962
7882
6327
281
5507
9882
94
8126
7599
4951
2388
3138
7080
5045
7547
7547
5030
147
3362
7687
1571
9414
9028
8291
6446
79
6103
9212
5917
4804
7111
3953
4192
3121
9246
722
3038
2843
1292
8375
1571
2874
288
1590
9291
9729
752
1868
9341
6254
3341
3563
5730
2512
1714
7030
7759
5641
6040
4202
7276
7574
9145
5432
9530
6975
6573
266
6396
4459
4991
8971
1498
8243
4320
6102
404
733
7708
2172
5446
5245
73
4562
3971
6022
288
4235
850
4073
4307
498
953
5902
6525
2112
4929
2206
4493
9369
2139
8802
7740
8406
7864
2636
4914
6002
8019
1585
4686
372
3520
7942
4974
1040
8175
1970
1876
8825
8524
3727
4466
5121
1387
8459
4040
8231
5062
3327
6786
3330
3080
933
6953
1772
5234
8212
3551
4955
9179
7586
7359
7681
7328
988
6629
6093
8007
6347
9204
5625
6851
416
6020
5139
4301
1477
5924
4441
7694
362
4599
3706
1969
8480
1001
4995
1246
7099
3167
8003
4673
3010
1515
4465
3849
1856
1817
8220
5847
1931
1931
840
5411
8051
6062
5957
2254
7196
7824
8911
4548
5107
8724
2231
7676
5702
1791
1556
8104
3273
1050
1109
5847
800
6272
2598
5395
6353
9036
6491
4225
3610
489
37
32
1773
3423
2105
2703
4811
1256
931
4677
9889
4370
7229
3869
68
9865
1725
6574
6950
4242
3196
3907
4766
9790
312
4226
8639
4527
8213
5745
6203
2422
8622
8041
3591
5331
533
8556
3921
575
7016
330
8823
8442
2529
200
1329
1977
4289
2478
1464
7437
689
1727
4281
7481
9555
9673
3728
801
9094
5526
4780
1221
4818
6004
514
6549
6402
1231
473
2434
