7051
6132
257
4648
2194
9162
8245
3911
6856
809
9242
6087
8590
5297
604
559
6679
685
990
9879
1865
7668
5520
3100
492
1614
3822
7477
4306
7827
4295
3046
3945
9762
1147
6936
6268
7406
4312
9455
3131
8365
6134
1946
1918
7335
2923
7223
6233
588
3889
6979
8507
840
4791
6989
4957
4476
8666
155
7327
7456
1477
9483
5172
8453
6147
7921
7011
7763
4555
9687
8672
8358
3340
8149
2350
1089
6051
8650
465
9489
1128
756
4293
892
2481
3312
8509
9640
7006
7446
9274
5064
1302
7183
5316
1593
8050
4673
8563
867
1036
7246
3327
6059
6658
6430
771
6734
8882
4908
8468
8525
4096
5962
3195
5670
2081
1377
8827
6009
9388
8015
162
7464
1847
299
7829
2167
3602
5703
9033
9454
1136
3016
3857
1760
2051
8616
7033
8054
45
4293
710
7941
9467
1254
4567
5791
5137
8862
5824
8336
5671
3397
3199
1059
1476
1646
5663
8404
1791
6516
8942
328
8658
6999
204
3056
9563
2812
4030
5032
4634
4827
915
9991
8742
6000
2836
7860
3612
3934
9157
748
188
5434
110
5681
6821
5449
4410
7934
4641
7670
2174
8821
7435
1679
4244
9615
9734
2076
4271
8934
3439
8247
450
4339
287
9586
9704
179
4734
9865
8240
2774
9417
6199
8956
929
3259
2584
7936
4432
497
5330
9421
5757
7428
7896
1054
456
2519
5607
8950
9902
4669
6505
5211
5960
3879
3222
8841
959
8351
2152
4749
7869
2143
435
4457
5007
7891
8324
6510
6770
9824
4328
4131
6915
3336
3213
2663
3726
8702
2423
9522
7037
8186
756
5003
5538
7740
4250
3085
9037
6783
8139
7633
4437
2127
481
818
6063
5021
2582
7446
671
3491
3716
956
4992
5691
2782
4318
8969
3811
7543
1771
990
2230
2857
5430
2369
8084
2948
4138
7087
7179
9135
626
9361
3270
3707
7046
6023
4133
2656
8234
2854
3565
4827
6698
4066
4470
2722
3243
1911
4537
670
2382
9048
2649
9358
2277
9759
1156
1840
4764
7330
6368
5030
2257
4024
7279
2445
4776
6932
372
8472
2175
7687
6604
1826
3758
6558
5194
5977
9896
1727
7646
7372
8020
2726
4629
7999
8396
2928
7772
7500
3487
9752
8213
1419
8356
2839
3836
6418
8592
9794
7518
331
6518
6341
9443
4772
6081
2695
7530
695
1733
819
1399
2764
6894
7848
6918
6700
3090
9405
361
4858
1785
2814
3465
9216
7065
4268
3259
7678
8847
5904
3472
9150
3091
8431
7491
5172
7604
2473
6400
1088
9463
7095
9466
7687
2834
7141
8558
5060
3997
1935
2507
4013
3792
6664
2114
6778
6352
4354
1673
8029
6991
690
8226
9205
1439
6177
5515
4038
3205
123
5580
811
5811
8739
7341
7395
1862
5320
8116
8349
1475
3871
988
9529
8492
8853
8248
4521
4015
2744
8672
8966
3388
51
4349
3382
4456
1047
939
2443
2148
1067
3803
8823
6778
1490
1262
2731
1264
6676
5404
3999
5491
7085
318
2252
4415
2543
7399
2041
196
1212
7489
4102
7638
9194
9959
913
6524
2911
9629
4578
4032
1389
3368
7760
5397
8414
9622
3812
1164
5164
5718
605
4999
2358
9787
3610
6840
7227
6405
7731
2386
4686
7658
4104
1405
3969
4207
7624
4142
1690
4185
3312
7237
9791
1237
4803
7997
2184
6887
6210
8594
6993
6557
9412
9829
2287
3004
2422
7486
1935
5756
903
2942
4777
183
4119
3734
4714
5252
8680
9066
1505
4735
8241
9872
2060
2642
5048
2963
9853
15
9633
4066
5710
6860
8314
5070
6684
9939
4205
6712
951
4451
6403
9089
5797
5201
3711
8873
2584
741
3827
3942
7333
2223
6253
3221
8030
7189
7373
1991
126
7367
9107
648
9792
8727
8346
7956
473
1457
2980
8216
2023
7353
1735
5436
3291
2152
9290
6601
8398
786
5139
438
4149
4201
4579
7692
1043
7459
2811
3851
3143
127
8658
5531
2731
1653
2680
7252
4097
6370
5577
6229
7080
5039
6678
8980
5060
2443
9042
5041
3969
3445
7257
9884
8584
3120
6353
1264
9915
114
5417
648
2747
6213
7493
4107
5622
9252
8115
5134
6411
967
8447
5213
5440
6154
5403
6623
4686
4612
365
5994
5946
2700
139
6401
3072
7121
8664
434
3396
9500
5634
6580
1264
6702
8682
6535
2253
8492
9077
1578
89
1062
6961
2059
9526
2270
1095
5173
7556
1996
9797
2749
2152
8932
4300
2541
2499
3327
3121
3663
7137
3747
6168
9197
6776
4736
339
6818
6691
1416
4107
1246
9518
6534
7223
787
3080
5231
3072
3862
9391
2900
5450
414
421
1905
8559
7419
3356
3631
8899
7324
3146
3378
353
3163
2899
6944
9306
4375
3370
9375
4862
2863
1206
8366
374
9737
1871
7012
6403
9351
7269
3257
1939
8736
9934
6240
281
7348
5389
2991
8304
4150
1759
2411
3023
6512
1053
7356
7332
8111
9680
9756
7602
1113
6674
8187
9398
1272
6914
2073
4026
3240
